episode_id	onset	duration	talking	speech	man_speaking	woman_speaking	baby	shout	laughter	cry	singing	kids	groan	whistling	breathing	walking	mouth_sounds	fart	hands	heartbeat	cheering	crowd	mammal	dog_bark	cat	rooster	duck	bird	music	musical_instrument	guitar	piano	organ	electronic_instrument	percussion	bell	ambient_music	weather	wind	rain	river	wave	thunder	river_sea	fire	boat	car	traffic	car_honk	emergency_vehicle	train	cycling	engine	door	doorbell	knock	dishes	radio_tv	dryer_vacuum	zipper	keys	alarm	telephone	whistle	mechanisms	tools	boom	bang	glass	water	beep	silence	sudden_noise	db
s04e11b	0.0	5.0	0.8673986	0.8673986	0.014317772	0.0027397522	0.00040853105	0.0014329773	0.017099377	0.0011964872	0.002697673	0.0006311349	0.000449694	0.00026490152	0.008390147	0.0035816773	0.00091921864	0.00023465071	0.0010917931	0.00025272372	0.00079641613	0.004700199	0.011249238	0.008672259	0.00077220117	0.0031941514	0.0031830478	0.008262266	0.08452784	0.008801736	0.00493893	0.00067092635	0.0001875714	0.0006771594	0.0020405126	0.0002822471	0.00027835296	0.0018631608	0.0018631608	0.0010970033	0.0019477829	0.0008944166	0.00018949127	0.0019477829	0.0015766827	0.009658447	0.01988953	0.0020308304	0.0012888985	0.0012547504	0.0011045228	0.006572706	0.002919809	0.0066826255	0.0016972334	0.0012716783	0.002065068	0.0119959405	0.00039148235	0.008006841	0.0012006635	0.0026688054	0.0007209967	0.00032276282	0.015102921	0.0025813277	0.000382099	0.0048276205	0.0021715828	0.0070722513	0.002124018	0.00070620904	0.015102921	-24.14035987854004
s04e11b	5.0	5.0	0.89483476	0.89483476	0.09446942	0.013564918	0.0003294214	0.00066835445	0.0034802838	0.0005467823	0.0014528641	0.00062939734	0.00010100793	0.00027464158	0.008632426	0.003584047	0.0007575842	9.619933e-05	0.0018802143	0.0005608631	0.00046949493	0.0015354296	0.0025233724	0.0022547932	0.0016642935	0.0028604225	0.001436895	0.009221456	0.044579476	0.014910685	0.013017463	0.0013985517	0.00066030084	0.0015956927	0.006167621	0.00082154834	0.0003268783	0.0033216449	0.0013594565	0.0031040008	0.0007328127	0.0005248867	0.0010148431	0.0007328127	0.0025059518	0.0032248239	0.0026451175	0.0001514209	0.0003380094	0.00042689647	0.00081467675	0.0012231568	0.0016419041	0.010022168	0.00093281333	0.0053317575	0.0020643196	0.007018405	0.00037485315	0.015403782	0.0008703935	0.0011113368	0.0028459188	0.00031383478	0.010159828	0.0082722865	0.0013180256	0.0007824398	0.0015907988	0.007787755	0.0018217164	0.00035108865	0.010159828	-22.442991256713867
s04e11b	10.0	5.0	0.83586675	0.83586675	0.046313506	0.0043933205	0.00021780719	0.0007320909	0.004873214	0.0007155143	0.0013129077	0.0017731222	0.0008344619	0.0001329737	0.016884902	0.0462501	0.0025650836	0.0001047887	0.0005474415	0.0011737288	0.0003474695	0.0014745017	0.012870228	0.006494617	0.0032281838	0.0018236092	0.0005862463	0.0047461325	0.054026216	0.0042317784	0.0016937468	0.00081505097	0.00064771826	0.00066616054	0.0022424625	0.00016542328	0.0003675624	0.0025886218	0.0008448315	0.0025886218	0.0007591503	0.00033392728	0.00058193604	0.0007591503	0.011514606	0.003951588	0.017032739	0.00012646987	0.0006831976	0.00024880824	0.004856118	0.0037722816	0.003427727	0.074133396	0.0001463876	0.006517449	0.0015845613	0.0032806466	0.000262807	0.0033042184	0.0119562475	0.002576196	0.0026240805	0.00025903474	0.07348574	0.0016917484	0.00037101758	0.0030824274	0.00051443215	0.008198937	0.0007441477	0.0004277523	0.12848097	-22.440786361694336
s04e11b	15.0	5.0	0.85226226	0.85226226	0.051480852	0.0075177215	0.0002734984	0.0018044603	0.054889284	0.0009429264	0.0013095351	0.0029429467	0.0003152355	0.00022588344	0.0102965925	0.014732372	0.0012832456	0.0006676338	0.0012737638	0.0003884888	0.0045517473	0.060507327	0.02250149	0.02250149	0.0058691823	0.006790723	0.0014788151	0.006790723	0.09489475	0.0100576375	0.0034461892	0.00074622873	0.0002782707	0.0007082745	0.0024411296	0.0007380198	0.00024931476	0.0013474519	0.0013474519	0.0011828167	0.0022106026	0.001916118	0.00042465157	0.0022106026	0.0011031043	0.0058861612	0.0047018453	0.0006177044	0.00038236973	0.00032499	0.0050500934	0.003194616	0.0014560248	0.009854242	8.903422e-05	0.0011320264	0.00060660945	0.0019673354	5.1050472e-05	0.0013722341	0.0045504165	0.00075833756	0.0002629536	0.00064397336	0.002822138	0.0009146729	0.0020235346	0.0026753205	0.0019700318	0.004560681	0.003513339	0.00026844494	0.034275774	-24.116355895996094
s04e11b	20.0	5.0	0.81108403	0.81108403	0.04309503	0.0075709154	0.000330193	0.0046047266	0.23079474	0.001015897	0.0033581485	0.001615582	0.00021386227	0.00032613217	0.00094367814	0.009006795	0.0021530474	0.0006806964	0.0018833652	0.00044198203	0.0052100723	0.21106109	0.005265201	0.0025751279	0.004520805	0.005015388	0.0014794737	0.005015388	0.054707453	0.012632442	0.005252574	0.0014770271	0.0005410175	0.0015385705	0.004897898	0.0006161063	0.0003376384	0.002654333	0.0015089579	0.002654333	0.0028323033	0.0022233129	0.0009857011	0.0028410205	0.0011617076	0.007092646	0.0075611654	0.00219563	0.0018169994	0.00064856635	0.061207253	0.0017748465	0.0070241	0.005344954	0.0002242709	0.0025507766	0.0014314334	0.0037870782	0.00017812823	0.00060860155	0.00095338916	0.0013196026	0.0003886629	0.0019018939	0.0020936271	0.0007074407	0.001346908	0.0036221775	0.0027683119	0.002583176	0.0036900837	0.00037785867	0.0286425	-22.147846221923828
s04e11b	25.0	5.0	0.8170773	0.8170773	0.03005311	0.009571741	0.0001262667	0.0032433695	0.08873013	0.0011302631	0.0015542101	0.0048484528	0.00045314708	0.00019513365	0.003765861	0.016652057	0.0025740294	0.00087002374	0.0019097978	0.0005796866	0.0031235863	0.32870772	0.02010049	0.02010049	0.0021746538	0.007627405	0.0010211383	0.007627405	0.09413819	0.008288207	0.0027354574	0.0006705671	0.0003538261	0.00087799935	0.002045459	0.0012165282	0.00032339024	0.0012061129	0.0012061129	0.0011022735	0.0022455417	0.00078888924	0.00039552973	0.0022455417	0.0017264049	0.0061617666	0.003937731	0.00096071395	0.0004900173	0.0006468293	0.0030544405	0.0052474192	0.0020307233	0.0061705625	0.0004128434	0.0015401484	0.00085770164	0.0019164026	0.00020255157	0.000971739	0.0018499908	0.0012347408	0.0003280559	0.0002377223	0.0074390476	0.000688385	0.0011032805	0.0038562007	0.006052649	0.0070469356	0.005900185	0.00018546909	0.036514916	-23.143394470214844
s04e11b	30.0	5.0	0.6508794	0.6508794	0.018561995	0.002638125	7.8062854e-05	0.0028227281	0.050845694	0.0004165205	0.004261894	0.00090803363	0.00050678494	0.0001455558	0.0016862248	0.05071482	0.0004267016	0.00042297615	0.003051455	0.00054109644	0.05905161	0.016319815	0.01703733	0.0015284221	0.00039710954	0.003795934	0.0009941885	0.003795934	0.62061137	0.035274375	0.013665876	0.0012350773	0.00026975526	0.001492779	0.009283693	0.00048958615	0.003288286	0.004461161	0.004461161	0.0038868648	0.0149999885	0.019548526	0.00069653493	0.019548526	0.0008423782	0.032504044	0.03916233	0.0068089985	0.0017368401	0.0012085348	0.013149407	0.0037557136	0.0035953515	0.0092108445	0.00022067703	0.0019971004	0.0005061144	0.0009409707	0.0022938158	0.00040401405	0.0002454336	0.0015187706	0.0003116567	0.000258648	0.0013366478	0.00079269166	0.0009457741	0.003085251	0.00091664464	0.025705984	0.0049765334	0.00011750412	0.08094761	-19.94662857055664
s04e11b	35.0	5.0	0.021779602	0.021779602	0.00016251962	0.000227279	0.00039315224	0.0015068981	0.00024235112	0.00034286547	0.0100126825	0.00060743385	5.64905e-05	4.2063897e-05	0.00053455116	0.0010383372	0.00039786135	0.00022220946	0.0004505002	0.00018855584	0.0007397735	0.00066841143	0.0014251168	0.0009581507	0.0014251168	0.0023700262	0.0009319725	0.0023700262	0.8595498	0.39688173	0.35243192	0.00045226995	8.715291e-05	0.00060715835	0.033300515	0.00027704026	0.0039071366	0.00073782465	0.0006992052	0.00055926753	0.0011932901	0.0013021617	0.00038712868	0.0013021617	0.0013933065	0.0027851677	0.0053516557	0.0003950636	0.0008290234	0.00024753762	0.0010074102	0.0057999827	0.0011888841	0.006894746	4.4639804e-05	0.013704629	0.00084754155	0.000568133	0.0006950615	0.00053236296	0.00051171135	0.00029762115	0.00037260217	0.0003213336	0.002880722	0.0070072087	0.02043281	0.02959716	0.00078582886	0.0011214835	0.001042671	9.118192e-05	0.02959716	-22.81724166870117
s04e11b	40.0	5.0	0.7204362	0.7204362	0.011536542	0.0015877013	0.00023177257	0.0007099883	0.0023603218	0.00032006018	0.0013175781	0.0010498676	0.00061675144	5.047548e-05	0.0030678513	0.042922817	0.0013611913	0.0001579963	0.00042977632	0.00031144792	0.00032067564	0.0017774208	0.02413484	0.0035060516	0.00061996956	0.0026688473	0.0012126133	0.006543058	0.13523681	0.013885425	0.005024355	0.00064811285	0.0006532967	0.0019202224	0.008635336	0.00028061922	0.00070119445	0.004774162	0.0028945836	0.0010438031	0.00037945673	0.00064229517	0.00021026947	0.00064229517	0.01079245	0.005029767	0.010287583	0.0005118991	0.002001516	0.0006972024	0.0010918004	0.006198175	0.0016327439	0.09600608	0.00019930946	0.017236378	0.0016387539	0.001136792	0.00022684819	0.0115598105	0.0070418194	0.0014596524	0.00028177229	0.00026979434	0.027156342	0.0054206257	0.023725405	0.025107337	0.0017832316	0.038233347	0.003912656	9.128702e-05	0.2609475	-24.7058219909668
s04e11b	45.0	5.0	0.90818244	0.90818244	0.07263978	0.010714652	0.00048557387	0.0012244903	0.0068494123	0.0015450543	0.0013132321	0.001900041	0.0006580609	0.00012798767	0.00571682	0.039708983	0.0018013477	0.00025859303	0.0018143757	0.0007335124	0.00044852315	0.0015384357	0.0104836235	0.003726705	0.0019199463	0.004119422	0.0016973966	0.0048100883	0.036345646	0.004839968	0.002169953	0.00055513455	0.00027332216	0.0005648645	0.0022868817	0.00018280497	0.00023049593	0.005966326	0.0008067341	0.0007506386	0.00060028635	0.00035191284	0.00014140044	0.00060028635	0.005143245	0.0020633992	0.004925158	0.00010162198	0.00040779836	0.0002850531	0.00067177444	0.0026369584	0.0015598685	0.014494259	0.0005788788	0.00721001	0.0010626819	0.005075503	0.00063260394	0.030909559	0.0022669758	0.00066805165	0.0017638104	0.00016216777	0.0045291004	0.0034810465	0.0010997531	0.001631789	0.000862842	0.018574476	0.0036423616	0.00017557171	0.031293012	-23.63130187988281
s04e11b	50.0	5.0	0.8442895	0.8442895	0.024133572	0.0063918997	0.0003780473	0.00042157288	0.0020023335	0.00035220565	0.0013384197	0.0039285384	0.0004888994	0.00010894074	0.0032161647	0.0021452673	0.0022499603	0.00038697704	0.00063235866	0.00017723184	0.0013147389	0.00066326954	0.005559536	0.0047723227	0.0020451245	0.003926367	0.00139714	0.006326173	0.0576504	0.004382965	0.001822804	0.00046190873	0.00028884978	0.0004986692	0.0022059483	0.00020995313	0.00028123337	0.0014661442	0.0008075044	0.0010388275	0.007257475	0.0011445225	0.00027409982	0.007257475	0.004950954	0.009092488	0.004123283	0.00016763453	0.0002478106	0.0003237311	0.001239482	0.0049448293	0.0020261277	0.0015997004	0.00031599315	0.0009954751	0.0009573838	0.0010948016	0.0018509678	0.0025548523	0.00055983366	0.00044991914	0.00030429024	0.00041481783	0.0031902427	0.0038472575	0.0006950128	0.011127384	0.0093530575	0.118305	0.0010809267	0.00023649925	0.011492332	-22.90453338623047
s04e11b	55.0	5.0	0.7790869	0.7790869	0.005941317	0.0035834953	7.926523e-05	0.00056413567	0.0015823104	0.0012955866	0.00075473066	0.0011354008	0.008674731	0.00014360137	0.010945279	0.019202523	0.0059617693	0.00020382596	0.00027137264	0.00054026826	0.00020338062	0.00032062546	0.15953182	0.07345461	0.0017781461	0.006020565	0.0017254864	0.011601145	0.12705897	0.0033778287	0.0011496192	0.0003621631	0.0005889517	0.000329774	0.002282877	0.00025097828	0.00048183458	0.006097863	0.0014257806	0.0043211947	0.00082561537	0.00044327043	0.001130361	0.00082561537	0.008667742	0.0029826558	0.0030221934	0.00025155445	0.0003062031	0.00042366702	0.0005632285	0.0053717196	0.00060050434	0.009790914	0.0032093786	0.0028106142	0.00642591	0.005336038	0.00030876783	0.0031589274	0.0052562924	0.0013064351	0.0004069824	0.00016399394	0.005191013	0.0017405553	0.0039058416	0.009782361	0.0039732247	0.022313165	0.0029383765	0.00014184296	0.029713716	-21.05094718933105
s04e11b	60.0	5.0	0.83468264	0.83468264	0.08103548	0.014328913	0.00045407173	0.0005601915	0.002724967	0.00091468345	0.0014555147	0.0008463072	0.0010870575	0.00067690096	0.015138191	0.007908047	0.0009256838	0.00018904298	0.0009829721	0.0011197099	0.0008288718	0.002043348	0.006721763	0.0037499054	0.0030310308	0.004815302	0.0016513702	0.004815302	0.030919734	0.008318728	0.0032884767	0.0006290034	0.00051771593	0.00076329155	0.0058388505	0.00067375146	0.00020795863	0.0046751346	0.0019425397	0.0034483676	0.002491855	0.0013106326	0.00076769834	0.002491855	0.0029095598	0.00649972	0.0035760386	0.00036415132	0.0004221085	0.0007493993	0.0020937806	0.0023316727	0.0022804174	0.005068717	0.00023219905	0.0042858347	0.0018778802	0.012373187	0.00063199137	0.007574273	0.00063656754	0.0010752309	0.0019073526	0.0005546797	0.010522556	0.012443417	0.0012639884	0.0011381828	0.0020173274	0.011057801	0.0013431975	0.00021266863	0.031539932	-20.82850456237793
s04e11b	65.0	5.0	0.86312443	0.86312443	0.031460017	0.075742	0.00033350856	0.0019217472	0.27197194	0.00296545	0.002042409	0.008600312	0.00022920099	0.00044757838	0.0055292803	0.0014163771	0.006386493	0.0011875259	0.0019601113	0.001432583	0.0010201941	0.036411215	0.010331014	0.002883479	0.002380873	0.0014235995	0.00050770235	0.0026301427	0.05847726	0.0057664546	0.0027566154	0.00084257365	0.00038593003	0.001030161	0.0021970042	0.00030050977	0.0006532743	0.002861727	0.0020219646	0.002861727	0.0076293247	0.003857624	0.00046490607	0.0076293247	0.0009889964	0.005741045	0.009949111	0.00097992	0.00067704805	0.0008932788	0.0031127986	0.0012612224	0.003598229	0.0019192795	0.00061862054	0.00073523156	0.00049362617	0.0057301978	0.0013789324	0.0064420993	0.0004794599	0.0018094117	0.0006636983	0.00033711473	0.0013346685	0.0007073935	0.00041903387	0.0023594946	0.0024198638	0.0051820674	0.0031327906	0.00014186258	0.0031327906	-23.89422416687012
s04e11b	70.0	5.0	0.8157336	0.8157336	0.07998913	0.008248107	0.00039614178	0.0028559014	0.0492399	0.000969371	0.001405114	0.00044129224	0.0018513385	0.00040712286	0.0030515362	0.019303933	0.0012609311	0.0003502482	0.0013499394	0.0009051011	0.00351542	0.010718576	0.00593126	0.00406566	0.00092433183	0.0054271696	0.0017664286	0.0054271696	0.0398693	0.006995672	0.003193714	0.0006231522	0.00029452072	0.0006490363	0.003109078	0.00021702048	0.00023392985	0.0018297815	0.0018297815	0.0015225984	0.002381332	0.0022569795	0.0004826376	0.002381332	0.0012034746	0.011059522	0.014473473	0.0014864942	0.0011366946	0.001803823	0.009255133	0.0014147189	0.003489733	0.007781795	0.00010593668	0.001999651	0.00089375215	0.0072009773	0.00025518177	0.0011535436	0.00040459065	0.0012674532	0.0005458996	0.0003774941	0.0029529934	0.0013021425	0.0020762593	0.0014953028	0.0008020871	0.0056913174	0.0014982219	0.00021676281	0.0060936217	-20.96523666381836
s04e11b	75.0	5.0	0.8691202	0.8691202	0.008901989	0.30859187	0.00035587462	0.0027071084	0.005099719	0.0021662267	0.0041420027	0.025899526	0.0005051953	0.0003054558	0.0011208578	0.0025826062	0.001959024	0.0003305798	0.0019760553	0.0007584933	0.00016735966	0.0017054789	0.005573626	0.005573626	0.00062836945	0.0020623715	0.0016990085	0.0028633305	0.045421317	0.0032331499	0.0010995556	0.00064865075	0.00080080633	0.0006188765	0.0014532087	0.0008847092	0.00049101136	0.0019435274	0.0012780372	0.0019435274	0.0015031913	0.00083620346	0.00044521075	0.0015031913	0.0013286164	0.0026764849	0.0045198267	0.000168356	0.00023030592	0.00078881666	0.0016214565	0.0009522975	0.001068264	0.0013197635	0.0013575384	0.0019098569	0.0014680149	0.008085531	0.000970865	0.013406396	0.00020647759	0.00256057	0.0030435913	0.00013968695	0.0041980017	0.00072529214	0.00020418348	0.0008354014	0.0008073051	0.0048584915	0.003019416	0.00028035877	0.013663338	-21.847888946533203
s04e11b	80.0	5.0	0.86426127	0.86426127	0.07284362	0.16155389	0.00017658847	0.0019418695	0.048911177	0.00085351116	0.0006450385	0.0050049005	9.865947e-05	0.0002757354	0.003021103	0.0020574294	0.00032416778	0.00093792885	0.00058441615	0.00042291646	0.0033441114	0.011496217	0.004141655	0.004141655	0.001115657	0.0016108842	0.0009303586	0.0034590058	0.03482568	0.0029537403	0.00070051046	0.0005161768	0.00017767448	0.00034951136	0.0019180549	0.0005792997	0.00012967979	0.0043802173	0.0018333416	0.0016350852	0.0051156557	0.004103519	0.00020107394	0.0051156557	0.00053773285	0.0036616446	0.014895584	0.004102925	0.00079770194	0.0015379742	0.004654087	0.0012503524	0.0023331405	0.0027233413	0.00049614685	0.0007914539	0.0007513224	0.003327595	0.0008129354	0.008252125	0.0002916085	0.0014439443	0.00018637338	0.0002537823	0.0008580089	0.0007355122	0.0005828822	0.00079730107	0.0019653516	0.008202999	0.0023847974	0.00044096928	0.025492107	-26.22441291809082
s04e11b	85.0	5.0	0.86663795	0.86663795	0.32100332	0.008051816	0.00052009895	0.0020804428	0.10081735	0.0017597249	0.0009816099	0.0008581316	0.0004156241	0.00040977527	0.004046901	0.0035317503	0.00068609393	0.00044532877	0.0014722456	0.00022885489	0.004531298	0.08629523	0.005928613	0.0030076697	0.005928613	0.005606096	0.0016805249	0.0064638974	0.015125095	0.0059738536	0.001981767	0.0011159297	0.0003701268	0.0010310536	0.004801358	0.0012384015	0.00015824146	0.0036600272	0.0032179293	0.0018026995	0.0062717004	0.008394897	0.00060183246	0.008394897	0.0009722738	0.0155997425	0.008872177	0.0017455443	0.0003576751	0.000781174	0.0068619936	0.0010998463	0.0020146547	0.0050147315	0.0002063416	0.0011449106	0.0006000375	0.0048783403	0.00027125987	0.0016431505	0.0010526387	0.0007202183	0.0016963338	0.00029020623	0.001692944	0.0045972033	0.00175055	0.0011154419	0.0012970954	0.0028126128	0.0020866345	0.0010974518	0.0045972033	-24.609603881835938
s04e11b	90.0	5.0	0.9002048	0.9002048	0.047059536	0.0056189653	0.0003773806	0.00032752682	0.0014683448	0.0003951216	0.0017150163	0.0005050402	0.0004337278	0.00019861515	0.00443808	0.0020739133	0.0010882859	4.382547e-05	0.000710647	0.0002623046	0.00020234329	0.00074223016	0.0022593786	0.0022593786	0.00066396175	0.0025765577	0.000936895	0.0034068192	0.06394537	0.01709703	0.006838497	0.0018917972	0.0006880974	0.001982365	0.0031398868	0.00033402914	0.000345323	0.0034762314	0.0006589778	0.0034762314	0.00097608485	0.00029843894	0.0008888397	0.00097608485	0.0015441322	0.00252563	0.0013702315	9.989983e-05	0.00018731225	0.00042937504	0.00054288644	0.00046792536	0.000827348	0.0034763666	0.00081226684	0.0024188198	0.0007945945	0.011887271	0.0005280197	0.007879249	0.00033976662	0.0006949078	0.0012027503	0.00013293947	0.029083863	0.00318444	0.0010842088	0.0006281886	0.0009872072	0.004206424	0.00084712444	0.00014493271	0.029083863	-21.288787841796875
s04e11b	95.0	5.0	0.8488277	0.8488277	0.12482012	0.0081427	0.0004797527	0.0009088127	0.0020249672	0.0006860001	0.0018741632	0.0013569304	0.0010400381	0.0003288353	0.015540468	0.002387508	0.0016846675	0.0002664812	0.002361217	0.0005205547	0.0004804914	0.0015925189	0.0033448536	0.0033448536	0.0011081009	0.003928387	0.0023758826	0.0049094036	0.026273003	0.018237485	0.010712353	0.0021016782	0.001187311	0.002447726	0.004037886	0.00084503	0.00024537346	0.0043722326	0.0016109823	0.0015606589	0.0019665894	0.0006604846	0.00055755686	0.0019665894	0.001671202	0.0036476	0.0034122681	0.00039889148	0.0004531341	0.001245861	0.0012098253	0.0014231876	0.0013390176	0.0037237776	0.0014492729	0.0038034064	0.0009908089	0.008477463	0.00068104063	0.007083612	0.000695767	0.0016780642	0.015237355	0.0003210133	0.035255328	0.0042254194	0.00052849855	0.00064446364	0.0011097647	0.003199384	0.0013501837	0.00089290267	0.035255328	-21.026403427124023
s04e11b	100.0	5.0	0.81370777	0.81370777	0.03857465	0.010317285	0.00041874676	0.0010597333	0.33575863	0.00041125133	0.0016287118	0.001316263	0.0010710552	8.941641e-05	0.003204163	0.002697432	0.0036960475	0.0021719506	0.0012375413	0.0005737818	0.0025803887	0.014077697	0.003186952	0.0024828813	0.0030579518	0.0015121634	0.0007752374	0.0015121634	0.07521977	0.010694817	0.0050086137	0.00054215937	0.00017051454	0.00062676525	0.002099445	0.00017672054	0.00039672438	0.0016069065	0.0011625384	0.0016069065	0.0038366164	0.002760976	0.00028401465	0.0038366164	0.0006269143	0.008006179	0.017830975	0.0021394673	0.0014663523	0.00040833344	0.011721472	0.0009841167	0.007564336	0.0051840735	0.00034524957	0.001422886	0.00086256827	0.007131382	0.00060649955	0.009033498	0.0007611525	0.00047705855	0.00022071283	0.0002928109	0.002868443	0.0020366847	0.0006258583	0.005399602	0.0034183413	0.0067637456	0.0029833494	0.00016131798	0.005399602	-22.168975830078125
s04e11b	105.0	5.0	0.7880844	0.7880844	0.0058749025	0.00041487988	8.255948e-05	0.00019759551	0.00141092	8.68896e-05	0.0016224333	0.0010312054	0.0005511703	5.025584e-05	0.0005799054	0.018610807	0.000535692	4.2609863e-05	0.0007097908	0.00014069649	0.00013248668	0.0004852842	0.004068783	0.00094365206	0.0008836127	0.0024625666	0.00089374493	0.004551015	0.039522655	0.005473639	0.0026763869	0.00043356165	0.0002798132	0.000829377	0.0020819819	0.00017035741	0.00010950942	0.0028855584	0.0026167922	0.0028855584	0.0011232942	0.0009374289	0.00057711155	0.0011232942	0.0072980607	0.0092860125	0.0221963	0.0003117197	0.0016963498	0.00054656086	0.0015851628	0.0022995884	0.002457481	0.30814034	0.0012757314	0.026893692	0.0006463126	0.0011042189	0.0017572046	0.000473494	0.00570785	0.001301548	0.00045092124	0.00019215714	0.0042199157	0.0065381834	0.0011923295	0.14858009	0.00068042753	0.007223566	0.0014932061	0.00044350646	0.14858009	-23.797840118408203
s04e11b	110.0	5.0	0.85821545	0.85821545	0.018817862	0.042031065	0.0002768507	0.0051092696	0.011045001	0.0018936961	0.0038409417	0.0032804685	0.014663041	0.0002044798	0.004400783	0.012515208	0.00096450996	0.0007228739	0.00096883124	0.00090390316	0.0020690656	0.0020567146	0.0574683	0.0057458426	0.002243885	0.0011004983	0.00056009594	0.0012881083	0.042857204	0.003894083	0.0011124638	0.001025164	0.0003116784	0.00052661006	0.0022079055	0.00047296126	0.00038690862	0.02915425	0.007798108	0.022391053	0.004005991	0.009482622	0.021754377	0.009482622	0.002301807	0.011068767	0.025827145	0.001112726	0.0004977408	0.0005276124	0.013964834	0.0026227504	0.0065135173	0.054195907	0.001879921	0.004518441	0.0011161795	0.0015555094	0.00088551966	0.0069137183	0.001997624	0.00078606623	0.000663543	0.00087913324	0.006084756	0.0043607154	0.0085188635	0.019863738	0.0054661627	0.0123234475	0.0032491616	0.00027674303	0.032106217	-25.468467712402344
s04e11b	115.0	5.0	0.047288023	0.047288023	0.00089582906	0.00040380305	0.00037081444	0.0008002003	0.0064775697	0.0003380487	0.012329438	0.00056862656	6.663787e-05	8.604085e-05	0.00016254395	0.0044815275	0.00015665968	0.00042305156	0.0020339864	0.00076094037	0.017011635	0.0024421343	0.003025835	0.0014884687	0.000568422	0.0038532251	0.0015323368	0.0038532251	0.799165	0.41084906	0.39482683	0.0020670886	0.00027027295	0.0011446893	0.02641627	0.00041034166	0.0023061628	0.006336465	0.006336465	0.0026632738	0.02162423	0.032869045	0.001251644	0.032869045	0.0003657451	0.036627192	0.09398561	0.005122672	0.009150355	0.0006784177	0.013609322	0.005323283	0.0024450598	0.004540147	6.755055e-05	0.0022072901	0.0004076876	0.0002518645	0.0016443963	0.00022222832	0.00022271919	0.005196068	0.00018976752	0.0007660687	0.00058217323	0.0014191496	0.0016576902	0.0010940082	0.001152593	0.004722043	0.001112655	0.00019870076	0.008783288	-20.19155502319336
s04e11b	120.0	5.0	0.5870365	0.5870365	0.006681917	0.0028852962	0.0056097545	0.01417947	0.021423792	0.06252755	0.018028656	0.0054086335	0.22886305	0.0010483039	0.058153372	0.0013832485	0.0014651902	0.0006867318	0.000471957	0.0003494804	0.0003670202	0.00408407	0.011042985	0.011042985	0.0025149612	0.00095849414	0.0038632904	0.0076499023	0.7808797	0.082361236	0.047721524	0.0073735556	0.002501416	0.0054858467	0.0051895604	0.00571936	0.00912697	0.0019068641	0.0019068641	0.0011670786	0.0011806261	0.0026309767	0.0005973112	0.0026309767	0.0006539598	0.011504602	0.013375143	0.00052756263	0.0008036355	0.000643789	0.005504584	0.005122147	0.0012612452	0.00042674798	0.00046065572	0.00076354033	0.00023311851	0.0048654177	0.00023973304	0.001013319	0.00041494478	0.0005336766	0.0014681603	0.00052365236	0.001784743	0.00043533227	0.0011309879	0.0029356328	0.0014482567	0.0015885034	0.0009272657	0.0010111164	0.009602461	-22.143314361572266
s04e11b	125.0	5.0	0.8933796	0.8933796	0.012302182	0.0799062	0.0012589822	0.001992066	0.15531217	0.008189653	0.0058827414	0.012596165	0.010358757	0.00041324695	0.035740823	0.0015336061	0.002959377	0.012533967	0.0020690174	0.0004940117	0.001799627	0.0053726113	0.043421224	0.043421224	0.002313358	0.0018792641	0.0009787389	0.0018792641	0.052822225	0.008545215	0.0032584826	0.0013221256	0.00033814073	0.00075682584	0.0011893343	0.000650557	0.00025521585	0.001798061	0.0007574016	0.001798061	0.0008011956	0.0010674736	0.0014631009	0.0010674736	0.00043783744	0.00247407	0.007730032	0.00058124453	0.0007015049	0.0007067358	0.013636348	0.0010502792	0.0018312836	0.019440042	0.00095344085	0.003495279	0.0010828215	0.00765937	0.00037242958	0.002266604	0.00086252723	0.00063226913	0.00096980145	0.00039240485	0.0010515142	0.00084111094	0.0012164611	0.0036872714	0.0019861704	0.003130306	0.002142355	0.00035495116	0.0044921744	-21.982845306396484
s04e11b	130.0	5.0	0.8865865	0.8865865	0.014020083	0.07573415	0.0005373496	0.0017228042	0.012730425	0.0026544705	0.0029170034	0.032199465	0.0028557272	0.00031189242	0.006775836	0.005772316	0.0020354793	0.001228875	0.0024724137	0.000877469	0.0012395745	0.0045710057	0.028596247	0.021182874	0.0016493119	0.0015654423	0.00260761	0.0026901604	0.05791	0.00555625	0.0016712244	0.00081594544	0.00034158197	0.00063777476	0.0015051874	0.00040890407	0.0006724422	0.0036277492	0.0023739394	0.0036277492	0.005051615	0.0024427478	0.0010008543	0.005051615	0.001398298	0.009957174	0.01799581	0.0008446456	0.00078949693	0.000656655	0.0066763805	0.004186695	0.0035353082	0.008769628	0.0012414468	0.0023721016	0.00073224056	0.0036173176	0.0012897267	0.009613447	0.00036581836	0.0006812523	0.0016052978	0.0002699518	0.005314877	0.0007814923	0.0013187357	0.002984433	0.0015756043	0.010725191	0.0035253088	0.00035563298	0.005314877	-23.655012130737305
s04e11b	135.0	5.0	0.86272055	0.86272055	0.023586378	0.010155125	0.0020078917	0.012463361	0.47101656	0.03209598	0.028211432	0.004797646	0.006019775	0.00034279685	0.0034485676	0.00091735023	0.0015947418	0.0019432748	0.0037789608	0.00024855716	0.00515296	0.19526955	0.0029217254	0.0029217254	0.0020066556	0.0008081629	0.0009078248	0.0009078248	0.24214628	0.008951575	0.0037973265	0.00040379557	0.00012260102	0.00045678613	0.0026373344	0.0020760936	0.0016469329	0.00023105726	0.00014407291	0.00014203948	0.0008172146	0.00038034204	6.669782e-05	0.0008172146	0.00037368	0.0011898822	0.0027174035	0.00020112225	0.00055674283	0.0003767966	0.0017862124	0.0013836563	0.00028022486	0.0027907223	0.0020790189	0.00047525347	0.00029988555	0.002265031	0.00029388207	0.0009397205	0.0004889295	0.00040445066	0.001982818	0.0002488939	0.0009450805	0.0002799669	0.0015191676	0.00801108	0.0018040335	0.0014893443	0.0016915085	0.0007328828	0.00801108	-21.78564453125
s04e11b	140.0	5.0	0.69631755	0.69631755	0.010702756	0.0010275332	0.00048595562	0.0010830763	0.012531956	0.00052711356	0.0024100307	0.0023208603	0.0003789098	0.00015113573	0.0024452063	0.015645742	0.0006121432	0.0004987878	0.00079473987	0.00061167486	0.0021028446	0.009057499	0.008726964	0.00435949	0.0024951654	0.0034360017	0.001154835	0.0034360017	0.6090886	0.039914228	0.009289071	0.0035467087	0.0011869203	0.002155809	0.013435743	0.0010580376	0.0029145747	0.0032819782	0.0024653818	0.0032819782	0.0044484385	0.002565994	0.0009718867	0.0044484385	0.0020714477	0.015191402	0.008953563	0.0004905807	0.0007129303	0.00033606513	0.0029529904	0.010828741	0.0009283946	0.121510714	0.0004014864	0.022791611	0.00087073527	0.0018007692	0.00015347076	0.00011092001	0.00013296647	0.00094339676	0.00042327202	0.0009620118	0.0013500628	0.002058104	0.03946207	0.06478028	0.0012988026	0.021703469	0.006023336	0.00029760046	0.113828726	-22.63971710205078
s04e11b	145.0	5.0	0.695156	0.695156	0.012758803	0.0118508255	0.0040337285	0.0057013207	0.06812385	0.002487844	0.011702227	0.0060188705	0.0002746481	0.00020278171	0.002788389	0.0012536471	0.0014799978	0.00070128863	0.004768148	0.00019107571	0.006760168	0.022544095	0.012463156	0.012463156	0.0019146394	0.0065843672	0.0008102337	0.0065843672	0.17517655	0.07205215	0.029877776	0.006563469	0.0013408574	0.004970771	0.003497394	0.058959905	0.00073754205	0.0008909183	0.00053070096	0.0008909183	0.0011240853	0.0012141193	0.00033073899	0.0012141193	0.0006970961	0.0018122843	0.008117088	0.0016574078	0.0039659715	0.0041047977	0.0077342615	0.0007574304	0.0027730707	0.0077860896	0.0062372563	0.0017206356	0.0013086319	0.003859169	0.00096188125	0.004645893	0.00056089036	0.008556312	0.0040925997	0.0014207952	0.0060901977	0.0018125431	0.0004429528	0.0011300725	0.0024534655	0.0033951777	0.004596158	0.00035491562	0.0060901977	-21.22833251953125
s04e11b	150.0	5.0	0.89915335	0.89915335	0.008267542	0.17434153	0.0011653946	0.0015026797	0.008425003	0.0062089404	0.0020500948	0.029315751	0.00032104758	0.00028283274	0.004023523	0.0032825212	0.00618423	0.0007293858	0.00233274	0.00054171926	0.00024875914	0.0017716088	0.013830921	0.010243278	0.0013108073	0.0042330083	0.0033970512	0.0042330083	0.119488485	0.006934319	0.00203322	0.0007436069	0.0007378116	0.0007180862	0.002060701	0.00038931373	0.0005942669	0.00256869	0.0006034703	0.0023238335	0.0016252835	0.00046834257	0.0003348409	0.0016252835	0.0018203217	0.0016976609	0.0027356902	0.0001524511	0.00014651816	0.0005237732	0.0006859979	0.0018933337	0.0006807094	0.0017865483	0.0013208078	0.0020825565	0.0019652357	0.006702292	0.0027084125	0.0919842	0.0003436279	0.00052430166	0.0021370223	0.00018325698	0.0023620327	0.0004872855	0.0005886803	0.000986721	0.0018067652	0.016542956	0.0017636846	0.00035540253	0.005877081	-24.098064422607425
s04e11b	155.0	5.0	0.79968745	0.79968745	0.011985942	0.04478589	0.00019768144	0.0013558231	0.08634006	0.0011240377	0.0015228029	0.0059313225	0.000554524	0.00010507347	0.0035542396	0.009053561	0.0019092088	0.00063111295	0.0021623096	0.0010576647	0.0011751854	0.031853445	0.0072843037	0.0044764816	0.0016171703	0.00089064543	0.0002547481	0.0010818966	0.02026684	0.001978819	0.0011903464	0.00059090636	0.00041903747	0.0005349192	0.0011112717	0.00023359353	0.00016832084	0.0014553928	0.0014553928	0.0010341947	0.0010264051	0.0010400262	0.00041007556	0.0010400262	0.00095266505	0.004909467	0.007838915	0.00058477814	0.00044319266	0.00054185407	0.0065657916	0.0025621366	0.0015222817	0.059220545	0.00052830385	0.014872183	0.0008870828	0.0020889363	0.00090903434	0.0015629402	0.00088302227	0.0007928768	0.00041927522	0.00024013748	0.0029994051	0.00043496766	0.0010140941	0.01098586	0.0010402243	0.0034658008	0.0027452162	0.00031073135	0.01098586	-22.022029876708984
s04e11b	160.0	5.0	0.78409576	0.78409576	0.010756737	0.014478846	6.581448e-05	0.0019321846	0.053737503	0.0011277545	0.0036851715	0.003446438	0.0019253296	7.6330405e-05	0.00053103844	0.0018140546	0.00025027886	0.0005795402	0.0013443949	0.0012718987	0.0019576466	0.027956365	0.0029404939	0.0011604014	0.00078923436	0.0010423324	0.00029453868	0.0010423324	0.07536875	0.00305538	0.0010633082	0.0003459672	0.0003342451	0.00022983343	0.0040773074	0.00013635452	0.00061581546	0.0022647746	0.0022647746	0.00045225397	0.0009772195	0.0030465384	0.0004498625	0.0030465384	0.0012565331	0.0034324701	0.019812357	0.0025046351	0.00077235716	0.00049899134	0.016030306	0.0004844885	0.001869017	0.07576784	0.00029210935	0.0064213183	0.00078834407	0.0006885017	0.00085105206	0.0011690642	8.000961e-05	0.00060855807	0.00040660508	0.00030433724	0.00062047585	0.0005206696	0.056212142	0.035174552	0.0055369996	0.012169998	0.00080299634	0.0011305882	0.088246964	-21.822898864746094
s04e11b	165.0	5.0	0.9141016	0.9141016	0.068449266	0.08212273	0.0022398033	0.0025834893	0.067876056	0.003734485	0.002354833	0.004345884	0.0005842867	0.0003279768	0.014841358	0.012678307	0.0020176673	0.000655073	0.0034662206	0.00091068586	0.0011400871	0.0065374533	0.007826487	0.007826487	0.0016052168	0.005214834	0.0016037014	0.005214834	0.038083475	0.009017645	0.0030170928	0.00094598037	0.00039662397	0.0008650886	0.0049881167	0.00031207595	0.00016681176	0.004787484	0.0009630434	0.0015767878	0.0012047385	0.00081670156	0.0002427255	0.0012047385	0.0019267704	0.0017929025	0.0012990141	0.0001956857	0.00021770108	0.00041010586	0.00061779685	0.001911472	0.00128151	0.009995383	0.00021820252	0.0064885155	0.0020051303	0.004663664	0.00071975344	0.024586773	0.0004998368	0.0005352145	0.0011611118	0.0003423039	0.0030736949	0.0032054712	0.0014453488	0.0039187134	0.003336853	0.0155976685	0.005630508	0.00016565231	0.015349883	-23.72054672241211
s04e11b	170.0	5.0	0.81915104	0.81915104	0.10614257	0.019024312	0.001070819	0.0029248206	0.021645974	0.0013614271	0.0025915932	0.0025306467	0.00023388548	0.0003153419	0.005088549	0.057337787	0.0032248134	0.000110632594	0.0023393366	0.00045187457	0.0021459677	0.010974193	0.019806419	0.0108906105	0.0011217336	0.063403055	0.006972001	0.063403055	0.048183594	0.011626269	0.0041193804	0.0007712036	0.0005228875	0.0011895995	0.0051788185	0.0008142576	0.00048837264	0.0020830084	0.0012331224	0.0018109591	0.0043319934	0.0011454145	0.00041708926	0.0043319934	0.0018059511	0.011180666	0.0028237912	0.0002676397	0.0005587321	0.0014700447	0.0012183407	0.0024644905	0.001347409	0.004657833	0.00031754057	0.0052055367	0.0006936018	0.0047934996	0.00027972038	0.0023917696	0.00046417562	0.0007701042	0.0010405851	0.0002704384	0.01441015	0.0014383009	0.00065623864	0.0012788932	0.0015146984	0.013549167	0.002611619	0.00024252308	0.01441015	-20.803300857543945
s04e11b	175.0	5.0	0.7682526	0.7682526	0.067523435	0.0053189415	0.00050097005	0.0034200198	0.121565096	0.00048158452	0.003599734	0.0010762818	0.0008694983	0.00036684267	0.00093224604	0.003475544	0.0037094762	0.0005496819	0.0021485158	0.00094852736	0.013879054	0.0084559675	0.0076687513	0.0076687513	0.002788775	0.0067009456	0.0029853228	0.0067009456	0.04754877	0.011892952	0.0065840804	0.0015855024	0.0005719698	0.0011862727	0.0052178726	0.0005257895	0.00034441458	0.003955862	0.003955862	0.0033295914	0.015213477	0.0075463727	0.0009729569	0.015213477	0.0011405575	0.0094088605	0.008411573	0.002325593	0.0011767369	0.00074753875	0.015141554	0.00200962	0.0026095766	0.005628562	0.00021734374	0.000715029	0.00088536815	0.0017085357	0.00053880055	0.002875533	0.00058225536	0.0014013535	0.00026923005	0.00072559563	0.002109441	0.0016224983	0.0009549719	0.0036223189	0.0010657808	0.0066712657	0.0029572363	0.00054229406	0.01703658	-20.28375816345215
s04e11b	180.0	5.0	0.8267404	0.8267404	0.03685384	0.025136016	0.0012186558	0.00681692	0.16068056	0.004614594	0.00075191585	0.0025821468	0.002683348	0.00019059789	0.01359909	0.00598451	0.0028907915	0.0008780483	0.0030246356	0.0015600661	0.0063015786	0.06603526	0.010100088	0.0025034393	0.0005560868	0.002052917	0.0004964591	0.002052917	0.04288771	0.0049381	0.002435334	0.0011396224	0.00027049592	0.0011506703	0.004486046	0.00032114616	0.0004867159	0.004319439	0.002300654	0.004319439	0.0021026295	0.0042280764	0.0017164184	0.0042280764	0.0015506027	0.004638252	0.009970246	0.0017613497	0.0004903196	0.0009127672	0.0029935974	0.0011916233	0.0023533269	0.011214567	0.00071538275	0.0014646859	0.000738061	0.004754329	0.001226049	0.0021885128	0.00061378797	0.0007629869	0.0009303493	0.00011099313	0.0016096246	0.00097078126	0.0065846452	0.009947355	0.0056240642	0.0034053365	0.003286797	0.0003859006	0.01726774	-22.29863166809082
s04e11b	185.0	5.0	0.7310246	0.7310246	0.0080245705	0.07270305	0.00042953488	0.0004966666	0.001578628	0.0009777937	0.0009703194	0.010571017	0.0010845187	0.0002310707	0.0013431042	0.0095952535	0.0013036049	0.000119559016	0.0016480631	0.0008831451	0.00012931834	0.0007118159	0.019351816	0.0048242677	0.0018493562	0.004865533	0.0016847966	0.004865533	0.05958506	0.0033099519	0.0008951498	0.00034262496	0.00056009064	0.0004129138	0.0024231316	0.00040568862	0.00046084946	0.0033146604	0.002186244	0.0029263047	0.00065445737	0.0009016985	0.00053416763	0.0009016985	0.0018214934	0.003371661	0.0017790858	7.192203e-05	0.00025095628	0.0005232091	0.00096961204	0.00048611223	0.0008542316	0.0052696806	0.00070210855	0.021113161	0.0020842259	0.0020082616	0.0012853692	0.022147113	9.527717e-05	0.00091071794	0.00064382487	0.00025830252	0.002597583	0.0013175174	0.0018117152	0.0050260904	0.0006822463	0.030115467	0.0036089711	0.00014097514	0.039911352	-24.437292098999023
s04e11b	190.0	5.0	0.8083682	0.8083682	0.010741297	0.0317861	0.0003163959	0.0018405775	0.081790365	0.0026155456	0.0014579562	0.007095888	0.01135538	0.00022758998	0.0029293655	0.0031294061	0.0018800444	0.0030016634	0.0020984216	0.0036673448	0.0027808112	0.0078300275	0.05356465	0.0055770474	0.0017999234	0.008140494	0.004071727	0.008140494	0.052506384	0.0028139583	0.00087680796	0.00083955104	0.00037340974	0.00057635707	0.00076447154	0.00022501028	0.00043991	0.0016728983	0.0009184368	0.0016728983	0.003159776	0.0010843447	0.0003195641	0.003159776	0.0005761838	0.0020335317	0.009422647	0.00092388684	0.0010878806	0.00040610036	0.004592028	0.0017260613	0.0013301565	0.009610909	0.0012527639	0.0028256853	0.00050763245	0.0032644582	0.0015051701	0.0029608137	0.00029860286	0.0014930825	0.001426116	0.00032119147	0.001873324	0.0007292343	0.0005699098	0.011154539	0.002637331	0.005068304	0.004667012	0.00019305591	0.019830775	-21.659128189086918
s04e11b	195.0	5.0	0.8369284	0.8369284	0.017974297	0.0065794727	0.0004070381	0.00030164648	0.0021827964	0.00031508945	0.0010805133	0.0014332366	0.0006345774	0.00022290015	0.0018538586	0.02621947	0.002611327	8.8139124e-05	0.0003977199	0.00027023457	0.0001437751	0.0005068057	0.007824568	0.0024814138	0.0020196943	0.002368151	0.0010863758	0.002368151	0.08333449	0.006237667	0.0021765127	0.000516058	0.00044518744	0.0004890775	0.0017281207	0.00037934532	0.00027175582	0.0064542675	0.0064542675	0.0057056206	0.00570244	0.0024233183	0.0009969088	0.00570244	0.0020810477	0.09032538	0.0048564496	0.00011857227	0.0006909987	0.00066727627	0.0015709223	0.0014490754	0.0009445718	0.08439425	0.0009498354	0.030329606	0.009433019	0.0016484625	0.00076249806	0.0009992556	0.0004985435	0.0008750361	0.0023012639	0.0006670392	0.0033584165	0.005226974	0.00026584222	0.004147004	0.0021070603	0.042200748	0.0020978574	0.00044839084	0.056656808	-21.87817001342773
s04e11b	200.0	5.0	0.8508872	0.8508872	0.044810887	0.015104566	0.000298935	0.00058371585	0.0011753221	0.0023326445	0.0011521018	0.0011546243	0.0013742417	0.0007799917	0.0062531983	0.005193584	0.0011078455	0.00025390595	0.00031328446	0.00059528195	0.00017214114	0.000984112	0.006256826	0.006256826	0.0030257571	0.009721266	0.003693318	0.009721266	0.028131533	0.006269032	0.0022802763	0.0011879009	0.00038693423	0.0013112455	0.0017378323	0.00049956434	0.00020420372	0.012157686	0.0016615884	0.0039542485	0.0009945845	0.00085463986	0.00074570626	0.0009945845	0.003584936	0.002440346	0.00239001	0.00018748951	0.0002460979	0.00076965557	0.0011334243	0.0022250218	0.0007597284	0.0023597023	0.00039935013	0.001397796	0.00076540024	0.0077470723	0.00041359177	0.0382534	0.00064244086	0.0007340865	0.001581933	0.00039806697	0.005643752	0.0041082613	0.0004969519	0.0006335169	0.0017688923	0.0077147875	0.0011148645	0.00047416793	0.009967187	-23.71748924255371
s04e11b	205.0	5.0	0.80669624	0.80669624	0.02941258	0.014720623	0.00035596575	0.0015558264	0.118296735	0.0016342588	0.0013153333	0.0023514559	0.0072549507	0.0002055922	0.0020073357	0.003529392	0.0067391363	0.0007012739	0.0009568353	0.0005874386	0.0077383607	0.07765074	0.0069303536	0.003511423	0.0024277281	0.0008705652	0.0004918006	0.0012171557	0.03995572	0.0036351974	0.0015511151	0.0008743843	0.0003091596	0.0006955618	0.0018804407	0.0002966758	0.00019302977	0.009842418	0.0023710153	0.009842418	0.008567581	0.0060943584	0.0033082094	0.008567581	0.0016339398	0.0070907255	0.010969225	0.003193131	0.0008898663	0.00058174337	0.016330864	0.00064037036	0.0032622744	0.00407322	0.0006850701	0.0010024294	0.0002891242	0.002623269	0.00070953916	0.0017973166	0.00036547537	0.0005308365	0.00157575	0.000468314	0.001118394	0.0007805003	0.0013838176	0.0026052536	0.0023549194	0.0067724097	0.0020371287	0.000730934	0.0063992934	-21.9893798828125
s04e11b	210.0	5.0	0.72528446	0.72528446	0.0044294377	0.00679016	0.0011642994	0.00085368444	0.004021015	0.002236463	0.0014132033	0.008512957	0.0017194909	0.00015407368	0.0439795	0.04553247	0.008575531	0.0011092415	0.00046227276	0.0003185688	0.00015371812	0.0008773483	0.047755666	0.047755666	0.0038307346	0.00973314	0.0064185862	0.00973314	0.02709149	0.004706909	0.0019618594	0.0012558916	0.00057663786	0.0010700445	0.00048270522	0.00018892658	0.00018409219	0.0025959031	0.00077391835	0.0006747616	0.00044256024	0.00021667333	0.00017190396	0.00044256024	0.008554468	0.002657311	0.0064682746	0.0002062338	0.00037330846	0.00036112085	0.0014175801	0.0061367224	0.0011302351	0.026129227	0.0007912337	0.0058232383	0.0011891893	0.0017074714	0.0011314664	0.0031334427	0.012288875	0.00053905946	0.0025238935	0.00025570052	0.0040630656	0.0022997197	0.0002606244	0.007766428	0.0014064353	0.0091104815	0.0010268824	0.00032233045	0.021720245	-26.552133560180664
s04e11b	215.0	5.0	0.8330209	0.8330209	0.0051383995	0.0011629205	0.00028362015	0.0010868785	0.0014662651	0.0008290668	0.0009082378	0.0023009125	0.0050695688	0.00012587193	0.0070900074	0.016054377	0.003604673	0.0002294612	0.00015285124	0.0002166184	6.3564185e-05	0.0005042869	0.0051156557	0.004556849	0.0012157	0.0036418422	0.0017505076	0.0036841598	0.13686892	0.0066096294	0.0028361066	0.0003251189	0.00014339175	0.00033222302	0.0013992997	0.0010163138	0.00037579954	0.0055480804	0.0007454086	0.0007181536	0.00045019647	0.0002573367	0.000109668676	0.00045019647	0.0030400832	0.0020855058	0.0031870476	6.395258e-05	0.0001914147	0.00027683115	0.00036693184	0.0021624465	0.00044944117	0.0037060448	0.0014454989	0.0010743696	0.0026799887	0.031459183	0.0005178744	0.2358972	0.008046509	0.0010163767	0.0014024081	0.00018804343	0.005715129	0.011094147	0.0018367157	0.0015824852	0.002656457	0.013707323	0.0025034156	0.00013914522	0.022956388	-25.129135131835938
s04e11b	220.0	5.0	0.84620315	0.84620315	0.07338124	0.06978476	0.00021045099	0.0073209107	0.11819176	0.0029445759	0.0020127478	0.0007893085	0.0011551407	0.00032511394	0.013254577	0.008672452	0.0057351366	0.00063604966	0.0026506558	0.001918244	0.008867478	0.032864626	0.004667466	0.002508696	0.000872205	0.00057836313	0.0007543345	0.0014192698	0.041461438	0.0070546	0.0033811086	0.00090625003	0.0002362759	0.00068466086	0.0035426482	0.00025581708	0.0002925341	0.002883305	0.002521657	0.002883305	0.0037912885	0.0057670423	0.0007923081	0.0066855955	0.0015343131	0.0060972157	0.012379854	0.002416837	0.0008049718	0.0011347315	0.0028084486	0.0020823267	0.0018053992	0.012191118	0.0006467165	0.0012533278	0.0007016617	0.0049462793	0.0015500948	0.007196707	0.00045414228	0.00088717823	0.00031190045	0.00023332732	0.001878437	0.00065527903	0.0016463434	0.0032648493	0.002980446	0.008988283	0.0069807353	0.00025916047	0.013590316	-23.309818267822266
s04e11b	225.0	5.0	0.8647081	0.8647081	0.028755074	0.044219784	0.0038387838	0.0019711226	0.22170983	0.0049662045	0.0018372395	0.0121718785	8.640212e-05	0.0009683366	0.006288901	0.007943227	0.025768762	0.0025547917	0.003290345	9.812522e-05	0.0007967228	0.042796433	0.007821726	0.007821726	0.0018169354	0.011823422	0.0024531155	0.011823422	0.064105645	0.016067587	0.0046694446	0.001274313	0.000340628	0.0014085893	0.0034415545	0.00081782916	0.0003833168	0.0025846974	0.0007916024	0.0025846974	0.0014400183	0.0007953505	0.0003393757	0.0014400183	0.003935351	0.00200453	0.003017189	0.0004226227	0.0007487747	0.00034643587	0.0010817101	0.0033926761	0.0010283784	0.0046953387	0.0003449913	0.0020494363	0.0009754741	0.0020759583	0.00043001378	0.03996609	0.005864624	0.0010448826	0.0012162618	0.0011746975	0.0048340093	0.0009647935	0.0006997725	0.0024576858	0.0021013042	0.036931902	0.0024782042	0.00037595307	0.0048340093	-23.952730178833008
s04e11b	230.0	5.0	0.8461986	0.8461986	0.15244527	0.02935188	9.097721e-05	0.0051589306	0.20475648	0.0011647186	0.0037671742	0.0008062914	0.0011451712	0.00042185327	0.0023521562	0.0021022493	0.0076590804	0.001485728	0.0017977674	0.00022678482	0.008590715	0.13855489	0.0026013139	0.0022761174	0.0024770459	0.0014255111	0.00052010885	0.002113182	0.033546757	0.0061218906	0.0041874903	0.0005389695	0.00020245096	0.000623514	0.0011530163	0.0003498486	0.00027092022	0.0015447551	0.0012603038	0.0015447551	0.003409216	0.002437084	0.00033690943	0.003409216	0.0016042343	0.0094842035	0.013741073	0.0024030942	0.0007779096	0.0006397076	0.0029305231	0.0022114338	0.0041442066	0.006411159	0.00030724588	0.0016559645	0.0010138081	0.0030569113	0.0003380355	0.004531496	0.0023891202	0.0023168647	0.0006101598	0.0003230414	0.0031484535	0.0043133385	0.00068493106	0.0025963883	0.0020813954	0.008023018	0.0041205115	0.00028712934	0.0060799974	-24.791051864624023
s04e11b	235.0	5.0	0.80619353	0.80619353	0.050779954	0.014439178	0.00018474122	0.0033474346	0.35154808	0.0009279639	0.0016900379	0.0022739787	0.00014561576	0.00026422803	0.001134657	0.0020618024	0.00583848	0.0010164435	0.001987688	0.0005080696	0.006054069	0.3057631	0.003269809	0.0019116637	0.003269809	0.0017010097	0.00045397264	0.0017010097	0.03215655	0.008348587	0.0031092819	0.0008159742	0.00031458068	0.0010526888	0.0039015145	0.00075636903	0.00045880114	0.0030201008	0.0030201008	0.0012557918	0.008664052	0.008533923	0.00040394705	0.008885601	0.0012708125	0.015632184	0.0057020807	0.0022710834	0.00094667653	0.0013140147	0.004182931	0.0021025825	0.0031016336	0.0018986597	0.00030750228	0.0006811497	0.0007366011	0.0019431203	0.00026887606	0.0016737618	0.00034811406	0.001860451	0.0005683814	0.00040035511	0.0020817104	0.00053872506	0.00077596906	0.0018123076	0.0013126176	0.0038136663	0.0033327925	0.0003996407	0.0033327925	-23.93726348876953
s04e11b	240.0	5.0	0.86889815	0.86889815	0.0390139	0.030187855	0.0006655323	0.0022275215	0.5006716	0.005582106	0.0023749562	0.0015710449	0.0004933634	0.0007159143	0.0057963873	0.0025412536	0.003633167	0.0018138757	0.0021036752	0.00048576528	0.003007627	0.038079023	0.0040436545	0.0040436545	0.0018218367	0.0015268008	0.0007962901	0.0015268008	0.04998546	0.0073583545	0.0038999505	0.001342119	0.00033562645	0.0013965054	0.0023580897	0.00024785503	0.00040443736	0.0016212111	0.0016212111	0.00092103425	0.0037049307	0.0027411922	0.00024005029	0.0037049307	0.0005561313	0.006815177	0.0078303935	0.0008453582	0.0015281688	0.0010280082	0.005008335	0.0011699303	0.002310826	0.0038249649	0.00022220502	0.0010061973	0.00060608267	0.0031545984	0.00048817255	0.0063949074	0.00066576764	0.0009937728	0.00028822754	0.0004570233	0.0011377004	0.0010085453	0.00069626345	0.004343679	0.0007966677	0.004737738	0.0025799812	0.00013438541	0.0071656546	-23.61188507080078
s04e11b	245.0	5.0	0.7593381	0.7593381	0.050754104	0.0041683577	0.00025331404	0.0036136915	0.047780044	0.0007372357	0.0016530677	0.0005019557	0.0008025213	0.000622504	0.0016245387	0.002230526	0.0012617595	0.00015286203	0.0016889089	0.0012066956	0.013161689	0.01674717	0.0051522804	0.0018772386	0.0016776194	0.0032994603	0.0004623126	0.0032994603	0.036976926	0.0041584806	0.0024585954	0.0007048371	0.0004094652	0.0007071967	0.003499369	0.00014403142	0.00025428607	0.0052692755	0.0052692755	0.0018351132	0.0059958724	0.012880349	0.0006069191	0.015857233	0.001733272	0.015899831	0.093728304	0.0098774955	0.00071469485	0.0015401858	0.010234314	0.0013990571	0.0073414952	0.012170835	4.967146e-05	0.00036648262	0.0012049783	0.00294901	0.003726588	0.00083142123	0.00022645228	0.0016616114	0.00047427075	0.00047169812	0.003610285	0.0026830875	0.0015983233	0.0023311202	0.0011637	0.006394274	0.0014226258	0.00018603461	0.025056003	-20.6693115234375
s04e11b	250.0	5.0	0.7564896	0.7564896	0.021859203	0.023469914	0.0001075225	0.0035976036	0.09317684	0.00066372956	0.0026218935	0.0041735787	0.000112431204	0.00035373506	0.001073588	0.0013110358	0.0014166327	0.00091026723	0.0018709352	0.0006768252	0.002287885	0.052743435	0.012730868	0.002030592	0.002148573	0.013112963	0.0015312175	0.013112963	0.021614049	0.0029990203	0.0018372708	0.0006084667	0.00044782207	0.00053411064	0.0017636578	0.00046643996	0.00027077357	0.015453994	0.015453994	0.00314158	0.01709726	0.032431796	0.0010986369	0.032431796	0.0023241397	0.025317434	0.10853459	0.018110538	0.003843117	0.002685987	0.014477063	0.005064422	0.0064345896	0.001270545	0.00022818227	0.00035354288	0.0014546389	0.0004974351	0.0002036449	0.0017439746	0.0002990778	0.0026319192	0.00028416904	0.00075822487	0.000742052	0.0003174452	0.001369735	0.0031136007	0.0007955711	0.0043334644	0.00074306806	0.00048779018	0.0039814096	-21.1252384185791
s04e11b	255.0	5.0	0.8029892	0.8029892	0.0842528	0.10954969	0.00025236834	0.006821069	0.004602847	0.00057921547	0.005982907	0.0075864154	9.450307e-05	0.0006031889	0.0037678618	0.088962756	0.00089002703	0.00020802981	0.025018955	0.00030047222	0.13762634	0.09297365	0.0031503488	0.0031503488	0.0018295707	0.0026467044	0.00048652155	0.0026467044	0.054591548	0.01748218	0.008973726	0.001940965	0.0009066124	0.0016571175	0.011845622	0.0005377657	0.00064586586	0.0011407406	0.000599178	0.0010973942	0.0014101114	0.00046232739	0.00020000928	0.0014101114	0.002516543	0.002589496	0.0015430982	0.00021638349	0.00027425168	0.000536543	0.0012177055	0.0012879046	0.000717095	0.002988272	0.00046121748	0.0034320902	0.0008226434	0.0014480677	0.0011375042	0.0010862217	0.00033252087	0.0013471274	0.0010737558	0.00024414808	0.0042220503	0.0009123642	0.00054852944	0.0010944167	0.0010177192	0.004418152	0.0015202044	0.0003636112	0.004390698	-21.544687271118164
s04e11b	260.0	5.0	0.82761747	0.82761747	0.01597597	0.07811979	0.00021882444	0.004417481	0.15136567	0.0018539417	0.0027374313	0.006931567	0.00031094532	0.000570245	0.0017400285	0.002432685	0.0028942435	0.0015541391	0.0007299428	0.00045437613	0.003003603	0.109499745	0.0049756737	0.002405028	0.0020296143	0.002605479	0.0008551311	0.002605479	0.05897759	0.0040279916	0.0017355905	0.0006407043	0.0003704851	0.000616212	0.0022631548	0.0005266219	0.00050067337	0.0014567752	0.0014567752	0.001326477	0.003260907	0.0027489357	0.00031501736	0.003260907	0.001003327	0.004830173	0.010502933	0.0014655216	0.0013550681	0.0018292814	0.004327773	0.0010937122	0.0029540367	0.0025248036	0.0011559944	0.0012064845	0.00095970434	0.0033592721	0.0008607022	0.0030470367	0.0004778163	0.0010650469	0.0005011943	0.0005922213	0.0013639851	0.00051422254	0.00096231344	0.00095789885	0.0010911054	0.0030596736	0.002114713	0.00033790595	0.0026121095	-23.60997009277344
s04e11b	265.0	5.0	0.8234036	0.8234036	0.027073082	0.055114593	0.0007755311	0.008429039	0.05393588	0.00248269	0.005606468	0.015226549	0.00023379497	0.00018101688	0.0017286366	0.011617198	0.003549688	0.00040602213	0.0037631749	0.00080087275	0.0029903243	0.08605874	0.005968555	0.004361556	0.001456995	0.006976697	0.0020102274	0.006976697	0.093244866	0.013753092	0.0048163603	0.0011306357	0.00071247795	0.0011259812	0.005439038	0.00072230684	0.0010326122	0.001052358	0.0010280885	0.00071819127	0.002427041	0.0011893043	0.00021876518	0.002427041	0.00072585745	0.006482985	0.0044626184	0.00027310805	0.0004218547	0.0010239439	0.0011275708	0.0011017686	0.00080617203	0.006803039	0.0005345392	0.0035665939	0.00049474445	0.004994276	0.0009071749	0.012244591	0.000526382	0.000989667	0.0012017002	0.00032774487	0.002007477	0.0005260697	0.00067760545	0.0023433284	0.0008126028	0.004542878	0.0032597696	0.00032360796	0.008068057	-23.11484909057617
s04e11b	270.0	5.0	0.78853816	0.78853816	0.0315207	0.004456164	0.00038975303	0.0023052667	0.102424406	0.000898247	0.0012061157	0.00068985147	0.00029334516	0.00037272225	0.0015838525	0.005918485	0.0030149107	0.00051454443	0.00088564365	0.0004824704	0.0036603734	0.064556554	0.01055893	0.004931097	0.0023956161	0.003035407	0.0016091481	0.0030590743	0.024811327	0.0038658218	0.001549897	0.0005712928	0.0001254657	0.0004366766	0.0020958798	0.00046276458	0.00020784981	0.01299758	0.01299758	0.0035499006	0.011601665	0.053450283	0.0011249926	0.062088806	0.0017274101	0.059364524	0.052821346	0.023139637	0.0018395073	0.001998694	0.024248114	0.0014185915	0.008308931	0.0043294956	0.00014672733	0.0003448402	0.0009954533	0.0016310518	0.00048590606	0.0022381244	0.0003055516	0.0013539843	0.00039982973	0.00072810485	0.0019178605	0.0009171304	0.003101078	0.0027056425	0.00076879933	0.005522253	0.0016251776	0.00048284538	0.009917087	-20.55496406555176
s04e11b	275.0	5.0	0.88382655	0.88382655	0.019028207	0.035743535	0.0004976058	0.0014011126	0.001293222	0.00092987786	0.0015989945	0.0121229105	0.0005650206	0.0005705136	0.0018532957	0.017894352	0.0027638606	0.00020778757	0.0005743711	0.00016159417	0.00033062836	0.0056756344	0.019406985	0.011092312	0.00080019457	0.0061533013	0.0045549027	0.0061533013	0.11085581	0.008261555	0.0016081035	0.0010130482	0.00045473536	0.0014597428	0.0014744694	0.00029059357	0.00036612016	0.013698984	0.0029715807	0.0092693055	0.002639365	0.001987114	0.000964685	0.002639365	0.00803646	0.0076678847	0.00698057	0.00040262876	0.0007096819	0.0012473596	0.0012072324	0.0044687726	0.0010166605	0.004293635	0.0005554326	0.004155827	0.0008612325	0.0039573275	0.0004622309	0.11268992	0.0007838521	0.0012654732	0.001264649	0.0002894789	0.0101756975	0.0018471385	0.0007111399	0.0014670066	0.0019033245	0.047978792	0.0056423717	0.0005249825	0.0101756975	-23.154380798339844
s04e11b	280.0	5.0	0.9060381	0.9060381	0.055916227	0.097789645	0.00095957046	0.0074712927	0.019429512	0.013242148	0.002175996	0.0027935223	0.0031215586	0.000316717	0.0073531773	0.005369292	0.0021251917	0.0002590592	0.0010573606	0.00066943467	0.0006680494	0.030753737	0.015415647	0.015415647	0.002570901	0.0027029957	0.002883649	0.002883649	0.07922622	0.004548516	0.0012120659	0.00070056086	0.00044893526	0.00057194114	0.0017240971	0.00042533706	0.00045234992	0.0019179372	0.00051129935	0.0008655075	0.0012108963	0.000841058	0.00021559227	0.0012108963	0.001026856	0.002623057	0.0039192443	0.00038429888	0.0006895747	0.0015996662	0.0011809866	0.00085878844	0.0009912763	0.0038355961	0.0012855772	0.0022538826	0.0008998635	0.010899886	0.00071962655	0.024699314	0.0008641956	0.0013883791	0.0020563675	0.00027572617	0.003409548	0.0012244356	0.00049071724	0.0018487121	0.0015953023	0.009939238	0.0071036723	0.00017730334	0.011577271	-22.67622947692871
s04e11b	285.0	5.0	0.7203543	0.7203543	0.054540653	0.008441603	0.00017498842	0.0046372702	0.023003777	0.00023234454	0.0018805832	0.0062720124	0.00012916369	0.0005435233	0.0010338613	0.09859586	0.00072048506	0.00029169666	0.012046104	0.0002670038	0.060964644	0.12262051	0.010808452	0.00363053	0.0026849615	0.01138653	0.0025577534	0.01138653	0.07169837	0.017688056	0.0053880187	0.0014370551	0.00084327726	0.0014074858	0.00879667	0.0007893969	0.000676415	0.0020241472	0.0020241472	0.00060920947	0.0014847725	0.0015789549	0.00025227858	0.0019100304	0.0018483909	0.0068165744	0.003148316	0.0011292353	0.00083410885	0.001229803	0.009288896	0.0018901125	0.0012505263	0.0058725635	0.00013736878	0.0017165166	0.0016989268	0.00035391553	6.483857e-05	0.00021675868	0.0005379733	0.0011489524	0.0006982001	0.00042093376	0.0013585389	0.0006258738	0.0022501177	0.0018018623	0.00026051782	0.0024647461	0.0018377564	0.000272395	0.008304861	-22.108097076416016
s04e11b	290.0	5.0	0.81302047	0.81302047	0.02387858	0.051414374	0.00036093584	0.004552218	0.09438689	0.0022532705	0.003962835	0.0061255787	0.0014817604	0.00035151665	0.0024411192	0.0077091972	0.0013185367	0.0019602655	0.0023828119	0.0008664168	0.0034036457	0.040808503	0.007763724	0.0055938466	0.001630132	0.0016870309	0.00092866534	0.001818407	0.07284787	0.009571357	0.0043595806	0.0010534534	0.00037735509	0.0010595133	0.0020693333	0.00041835115	0.00040529552	0.0014540475	0.001023176	0.0014540475	0.005462465	0.002324342	0.00031299813	0.005462465	0.0015533306	0.0054146475	0.015701527	0.0015600407	0.0021857927	0.0017533654	0.003846525	0.0016044162	0.0041338443	0.005521808	0.00049023406	0.0012428103	0.00067751895	0.003287239	0.0006693039	0.014349521	0.00049052294	0.001540526	0.00049337966	0.00029919675	0.0016454385	0.0005275126	0.0018218021	0.005810179	0.0026287395	0.0064523625	0.0044668913	0.00049579534	0.005810179	-22.78470993041992
s04e11b	295.0	5.0	0.8739601	0.8739601	0.11624863	0.027185936	0.0013182611	0.0063098604	0.024338251	0.006445788	0.002163169	0.0045884727	0.0006051986	0.00038090322	0.0036009483	0.029477129	0.0062463246	0.0005878956	0.0027859677	0.00032089703	0.002764021	0.05970742	0.012155401	0.0061660605	0.0018373093	0.0062101996	0.003866382	0.0062101996	0.033735946	0.004896843	0.0018883682	0.00087991596	0.00038517636	0.0009838252	0.0029325024	0.0003621275	0.00046994444	0.0061414735	0.0023774765	0.0061414735	0.0026017248	0.0027028339	0.0010874651	0.0027028339	0.00789734	0.0059217233	0.011510786	0.0013938732	0.0005667601	0.001659733	0.0026474155	0.004331942	0.0020059033	0.008435159	0.00038828742	0.0048043258	0.0007455344	0.008867679	0.0009851144	0.029921234	0.003501077	0.0016370153	0.0042003067	0.00024262232	0.018161463	0.0021891566	0.0022389658	0.0014782851	0.002120856	0.016642433	0.006522475	0.0010661063	0.02575191	-23.12014389038086
s04e11b	300.0	5.0	0.90224737	0.90224737	0.015046869	0.0433106	0.0023725666	0.00030513096	0.0019775247	0.00074364507	0.0016815059	0.014535143	0.00019140357	0.00094645907	0.0088571245	0.005699862	0.0032691192	0.0004890057	0.002619113	0.0001607477	0.00013864577	0.0004661697	0.014292787	0.014292787	0.003912615	0.0017288061	0.0014471187	0.0048051877	0.021056859	0.00503956	0.0023377936	0.0007301797	0.00054156414	0.0007117707	0.0015162504	0.00050441	0.00016882137	0.0028000788	0.00056350965	0.0010299261	0.0006930332	0.00021721798	0.000272083	0.0006930332	0.0030647118	0.0010511065	0.0022661001	0.00013097559	0.0002584449	0.00039349683	0.0008461415	0.005650379	0.00082000514	0.019016026	0.00036574897	0.009036448	0.0059877043	0.0025322794	0.0005424734	0.019103726	0.0010261284	0.0005345298	0.003292588	0.00038212596	0.02013734	0.0011852685	0.00044094745	0.0012488277	0.0038431464	0.025082536	0.0032498352	0.0010962783	0.02013734	-27.859907150268555
s04e11b	305.0	5.0	0.9122445	0.9122445	0.053436365	0.044680838	0.0007341575	0.0017609355	0.28308126	0.004268054	0.0014084459	0.012954836	0.00027855232	0.00034340998	0.008620534	0.0015723252	0.0083396975	0.0063302596	0.0017600365	0.00015439001	0.0008631258	0.023652278	0.006071994	0.0032105504	0.0019802954	0.013069991	0.0010025181	0.013069991	0.030256487	0.006370047	0.0023996332	0.000700429	0.00026408146	0.00093425735	0.0016716549	0.00018492417	0.00024568036	0.00081254897	0.00026368545	0.0006713908	0.00092210807	0.00044662922	0.000114454124	0.00092210807	0.0005886865	0.0008297034	0.0026203687	0.00021141859	0.00054811366	0.00020261783	0.0007702491	0.0009747921	0.0014329131	0.00417591	0.0004385202	0.0022477126	0.00042030928	0.0035852408	0.00019005217	0.010885726	0.0008322741	0.0012235304	0.0012409486	0.00022214148	0.0013641495	0.0004540436	0.00074552436	0.0021006044	0.0028373161	0.0038373673	0.0038928252	0.00040781466	0.0038928252	-25.218564987182617
s04e11b	310.0	5.0	0.9042962	0.9042962	0.07512247	0.05205988	0.00031686106	0.002490027	0.15211101	0.0051295874	0.0030400197	0.0029591266	0.00030224439	0.00039473007	0.013558449	0.003515771	0.0020357477	0.0044997465	0.0017174368	0.000462158	0.0017597735	0.07006995	0.005699197	0.0033850055	0.005699197	0.0016348424	0.000952033	0.0043145893	0.051536392	0.008109126	0.002771481	0.0006387751	0.00037616512	0.0009185646	0.0020554506	0.0003736355	0.0002590498	0.0017582881	0.0014481139	0.0014643706	0.0050584357	0.0027415897	0.00033937182	0.0050584357	0.0022919113	0.0056568873	0.007752026	0.00085642934	0.0006188054	0.00076932635	0.002848762	0.0019911125	0.0032722203	0.0032449486	0.0001907366	0.0010656771	0.00057314255	0.006296307	0.00073782925	0.014969639	0.0008619907	0.00048612335	0.00084873603	0.00037228936	0.0022858754	0.0010471132	0.0016876832	0.0035469902	0.0033337683	0.01665907	0.0015555582	0.00029478423	0.004289866	-23.346078872680664
s04e11b	315.0	5.0	0.8862559	0.8862559	0.064634405	0.04061884	0.00019980075	0.0027712528	0.095457986	0.004313113	0.002180683	0.0062748217	0.00021573414	0.00029980578	0.007185058	0.010111523	0.032164246	0.0025172543	0.002613857	0.00014289601	0.001188322	0.043043144	0.02567072	0.02567072	0.0065382086	0.0014031081	0.0006614329	0.00276236	0.036184948	0.0052031763	0.0022998399	0.00089676713	0.0005372093	0.0013992743	0.0009479175	0.0006838477	0.00034173328	0.00069004216	0.00028856075	0.0004033131	0.0011453704	0.00024203752	0.000108084605	0.0011453704	0.0005672873	0.0009209272	0.0026951353	0.00019763828	0.00073491986	0.0005975532	0.00107179	0.0026875443	0.0009231028	0.0033353087	0.00016680699	0.0029129884	0.0005072445	0.002726516	0.00031813994	0.0022093116	0.0002820588	0.00055846793	0.00026563343	0.0004496666	0.0030087626	0.00033058738	0.0013365905	0.013211597	0.0019136865	0.0017223548	0.0044530826	0.00027636124	0.013211597	-24.153743743896484
s04e11b	320.0	5.0	0.8851398	0.8851398	0.05469591	0.047276936	0.00058203284	0.004528546	0.078537926	0.006811434	0.0029166983	0.010916013	0.00036162022	0.00088685035	0.0010832013	0.0036380931	0.0020705864	0.0014400271	0.0021009962	0.00075165584	0.0040689665	0.14259596	0.009768061	0.009768061	0.002024365	0.0016673545	0.00084835396	0.0032144715	0.02818463	0.006273023	0.0027656355	0.0008796649	0.00041966792	0.0011556784	0.002416367	0.00060119614	0.0004291524	0.00089200935	0.00084308	0.00051988976	0.006965662	0.0014351364	0.0001477814	0.006965662	0.00059459184	0.004082511	0.0067064767	0.0010975264	0.0013420167	0.0015261024	0.0023865849	0.002332324	0.0017068929	0.0034677363	0.0006939241	0.0020458612	0.0004887226	0.0025632544	0.00023654367	0.0025606977	0.00020782839	0.0021050812	0.00062059297	0.00040211785	0.0013144165	0.00040150518	0.0009752742	0.003706196	0.0013819627	0.002489487	0.006306534	0.0005306688	0.006306534	-22.021568298339844
s04e11b	325.0	5.0	0.74720955	0.74720955	0.03504166	0.027776765	0.0006043766	0.0032141798	0.117805816	0.0016643893	0.0047513	0.0060658334	0.00021889455	0.00038851882	0.0011044008	0.015331175	0.002517938	0.001393747	0.0083322795	0.00046245303	0.03055468	0.32512373	0.003608445	0.003608445	0.0011666568	0.002404845	0.000676038	0.002404845	0.061055504	0.014932433	0.0061582397	0.0016816573	0.0005832941	0.0017535624	0.004889752	0.0010999747	0.0008076821	0.0012117877	0.0012117877	0.00066361064	0.0031384097	0.0017396002	0.00023723322	0.0031384097	0.00084815675	0.0059318393	0.004428824	0.0010125175	0.0008458924	0.00081047846	0.008565296	0.002245155	0.0012954028	0.0072879945	0.00025697163	0.0009884156	0.0010538081	0.0017191978	0.00011768947	0.0010564895	0.00050089584	0.0013821969	0.00086773786	0.0002512361	0.0018396745	0.00036998038	0.00079948874	0.0022903353	0.0007147037	0.0021113951	0.008038669	0.0004107798	0.008038669	-20.15005111694336
s04e11b	330.0	5.0	0.43618664	0.43618664	0.014335057	0.01132331	0.0012883407	0.007663561	0.11545195	0.0008153703	0.0017157063	0.0077752266	0.00039774683	0.000564467	0.0023943265	0.007900329	0.0014670213	0.0024050064	0.012671045	0.0024400789	0.08114617	0.049267266	0.044286948	0.044286948	0.0033169454	0.0043998957	0.0011573354	0.0043998957	0.03467828	0.010665454	0.0037465543	0.0014307492	0.00044284618	0.0011365716	0.005263316	0.0007741072	0.00054542633	0.0025262835	0.0025262835	0.0021606055	0.008543967	0.0036468739	0.000839158	0.008543967	0.0011930686	0.0040692505	0.0074096713	0.0010979077	0.000756541	0.00061833963	0.014772383	0.0019042271	0.003211527	0.0060467683	0.0002369118	0.0014301552	0.0009814084	0.00080549164	0.0008863706	0.0013249846	0.00041295556	0.0036336072	0.00050729146	0.0010831285	0.0022421596	0.0006600828	0.0021476368	0.0016277629	0.0008183172	0.01467018	0.0013778914	0.0004980519	0.0071918336	-23.01208877563477
s04e11b	335.0	5.0	0.73251367	0.73251367	0.04871844	0.017491462	0.0002907981	0.0033719493	0.09297824	0.0004676083	0.0025717828	0.011290682	5.3682143e-05	0.00034165915	0.001510343	0.0070092925	0.00056690467	0.0009451137	0.029647695	0.00030211385	0.18773554	0.10308732	0.003487084	0.0013558283	0.003487084	0.010423148	0.00043473844	0.010423148	0.045694675	0.023683582	0.007880971	0.0019463615	0.0010719325	0.001686864	0.010580728	0.00035054015	0.00069234567	0.00082339125	0.00062465365	0.00082339125	0.0018031079	0.000899809	0.00019888689	0.0018031079	0.00085711095	0.001204127	0.0018142841	0.0004575259	0.0002771013	0.00035099278	0.0046582306	0.00061946956	0.002020449	0.008103348	0.00025130992	0.0010459417	0.0012868764	0.0017718526	0.0014380243	0.00053620455	0.0011207915	0.0007678644	0.00053821487	0.00058540213	0.0013082419	0.00041941772	0.0009179207	0.001162132	0.0004435773	0.0034093019	0.0024260716	0.0002138965	0.009677699	-22.25906181335449
s04e11b	340.0	5.0	0.7831835	0.7831835	0.021845771	0.0077461223	0.00042498324	0.0055431523	0.15194029	0.0018593832	0.004311262	0.010498588	0.00031659173	0.0008822687	0.0008724378	0.004451041	0.002219956	0.0022769568	0.0026128872	0.0025218548	0.006765594	0.1450881	0.010306914	0.003372095	0.0010555962	0.0026060864	0.0018581226	0.0026060864	0.037047952	0.0075642643	0.0067368485	0.00085567683	0.00037413984	0.0011583423	0.0050614798	0.0011916	0.0006574879	0.004348462	0.004348462	0.00085897837	0.004155656	0.0040513854	0.000978009	0.004155656	0.0010561765	0.011293184	0.005856112	0.0007472328	0.0010729454	0.00033706185	0.012532174	0.0022258847	0.0021945252	0.0059935907	0.00016401365	0.000499008	0.00080885284	0.0008390521	4.832292e-05	0.0004907222	0.00036061442	0.0009380981	0.0005317899	0.00041568434	0.001383209	0.0002716675	0.004613639	0.0027165664	0.00051082124	0.0047123046	0.0012194059	0.00047613334	0.004613639	-20.54022026062012
s04e11b	345.0	5.0	0.5340177	0.5340177	0.03548968	0.009220027	0.00044117324	0.008861299	0.28552547	0.00082997145	0.0055121826	0.008981757	0.0001648872	6.0699487e-05	0.0011588008	0.00601103	0.0029138098	0.00089738297	0.007409439	0.0005682923	0.030755643	0.32368362	0.012848535	0.0050190277	0.012848535	0.013073552	0.00076706836	0.013073552	0.13124473	0.019642962	0.0039699557	0.0016575119	0.0006855841	0.0014972948	0.007844851	0.00074408	0.000684379	0.0018503343	0.0018503343	0.00091659836	0.0024907945	0.0023668355	0.00045661046	0.0024907945	0.0010611315	0.013660291	0.014243983	0.0015839007	0.0008230413	0.00067574944	0.06719863	0.0026114811	0.0071534053	0.023645163	0.00035443448	0.008967113	0.0018686027	0.002549532	0.0008199118	0.00042558444	0.002659359	0.0008500091	0.00017461074	0.0037643998	0.006169001	0.0024043429	0.00074906443	0.010151372	0.0018837417	0.007311276	0.017180556	0.00034454657	0.025469711	-22.640941619873047
s04e11b	350.0	5.0	0.09377349	0.09377349	0.0033684992	0.00072530186	0.00019366562	0.014375078	0.0062099113	0.0005064276	0.020460846	0.008728291	0.0003028521	0.00017604731	0.0017160632	0.031370707	0.0004978974	0.00013486847	0.012794849	0.002148294	0.11185801	0.07366124	0.0048201145	0.0043028267	0.0002504402	0.025383271	0.009987681	0.025383271	0.6631352	0.070587195	0.034652814	0.0016000737	0.0006534418	0.0012568681	0.025276195	0.00054087315	0.004795183	0.0019571586	0.0019571586	0.00062079227	0.0013853664	0.0011324201	0.00021256789	0.0013853664	0.0014587048	0.0047160364	0.0082211	0.0003126334	0.0006240392	0.0013778678	0.0011239884	0.005986476	0.00084298116	0.03653203	0.00026766345	0.013101459	0.0021849026	0.00014968903	0.00035783421	0.00014133586	0.00018463151	0.0013016056	0.00037005765	0.00018694434	0.00058232865	0.0005508673	0.003688221	0.016869301	0.0006022158	0.008853592	0.009743859	6.0377002e-05	0.051257733	-20.81894302368164
s04e11b	355.0	5.0	0.115955636	0.115955636	0.0023426777	0.0006800564	0.00026088717	0.0017759654	0.0010116497	0.00058269565	0.03051227	0.00061160227	0.0005466098	0.00022381378	0.0014745431	0.0028788107	0.0008410163	6.940532e-05	0.00064610044	0.00020996755	0.0009232959	0.0016800129	0.011769804	0.0080276495	0.0012735728	0.0030446418	0.0016338092	0.006875121	0.760461	0.30670482	0.27161568	0.0018572182	0.0005773324	0.0014572719	0.099670336	0.0019048036	0.004246371	0.0071455427	0.0015339698	0.00503722	0.0015219904	0.0013917151	0.0020904418	0.0015219904	0.0033996191	0.0058095125	0.0065908236	0.00036875534	0.00031445714	0.00014689866	0.002591438	0.0028542667	0.001445969	0.0015637648	0.00040364065	0.0053543877	0.0014834208	0.0010218205	5.8729038e-05	0.0003085233	0.00039937146	0.0012782016	0.00027822028	0.00020222062	0.007173845	0.00032025584	0.0014605096	0.0020971687	0.0008426512	0.011245568	0.001568029	0.00031413892	0.009210344	-27.912824630737305
s04e11b	360.0	5.0	0.8779105	0.8779105	0.00905191	0.0012556525	0.00038490604	0.000501482	0.0023702	0.00058722333	0.0021641634	0.0012702256	0.0001557116	0.00012831297	0.0022905597	0.012192869	0.004341302	4.296436e-05	0.00040193464	0.0001974215	0.00010200189	0.0005310916	0.009695896	0.0024594527	0.0007430256	0.0009560694	0.00072083285	0.0104709	0.012957671	0.0020414568	0.0016118883	0.00033922674	0.00026010783	0.00030585384	0.0010637287	0.0006540923	0.00012506245	0.007162124	0.0025343734	0.0066242134	0.001624247	0.00057090854	0.0012734315	0.001624247	0.0053888876	0.0065504075	0.008596922	0.00015627086	0.00020987609	0.00025558256	0.00120048	0.003530462	0.0023953118	0.04215989	0.002652468	0.002999719	0.010270755	0.0011099497	0.00019260692	0.006404868	0.007815777	0.0010793168	0.0022644901	0.00014510141	0.01859084	0.004550121	0.0004301323	0.0010699079	0.0073375315	0.019337028	0.0057437154	0.00051806495	0.01859084	-23.34031105041504
s04e11b	365.0	5.0	0.954867	0.954867	0.105160676	0.029775726	0.00046740554	0.0023423678	0.0045127436	0.0017730623	0.0009346767	0.0036546825	9.205136e-05	0.00026843883	0.0015923437	0.0027005197	0.0044668955	0.00021369185	0.0005081519	0.00016019838	0.00012785167	0.0023163578	0.0028512622	0.0013587667	0.00047818123	0.0009078563	0.00046158672	0.0016915293	0.039981417	0.0070595318	0.0033689365	0.0006391253	0.00024266743	0.0005511146	0.0013493405	0.00021458164	0.0001287391	0.0020972027	0.0005715521	0.00055423845	0.00029397564	0.0003404381	8.592368e-05	0.0003404381	0.0010580205	0.0008096668	0.0011275928	0.00016118145	0.00021475583	0.00035474126	0.00040072072	0.00071299204	0.00046366002	0.003620994	0.00015722714	0.0013186309	0.0005868325	0.0015688259	0.0002087256	0.008519149	0.0014315519	0.0005615162	0.0019830547	0.00023026508	0.008137276	0.0016967843	0.00018354168	0.00025550532	0.0008871005	0.011635757	0.0020040208	0.00020200535	0.008137276	-23.631423950195312
s04e11b	370.0	5.0	0.83376676	0.83376676	0.013862005	0.0076983348	0.00015037715	0.0003442726	0.0011001476	0.00052388926	0.00081167335	0.004687432	0.00020821237	0.00048085998	0.008322096	0.001650556	0.004786119	7.341099e-05	0.00064931903	7.200177e-05	4.600426e-05	0.00052213843	0.007886872	0.0068694814	0.001090832	0.0012307164	0.00093257555	0.0131919915	0.031569395	0.0038766686	0.0015093065	0.00045218613	0.0004490202	0.0005188591	0.0005767852	0.00019398589	0.00020539861	0.0007038725	0.00028292954	0.0005829467	0.001071051	0.00010677805	0.00010356663	0.001071051	0.002732723	0.0017714832	0.009049134	0.00010143233	0.0005083646	0.00028815196	0.0003488077	0.0022894724	0.0006648635	0.015431933	0.0008257035	0.0029327213	0.0061695944	0.0038908324	0.0004476667	0.003006576	0.018034253	0.002602904	0.011363508	0.000310287	0.011730435	0.0022049986	0.00012854149	0.0013516394	0.0009564106	0.009087214	0.0011283106	0.00058941805	0.024539577	-21.393014907836918
s04e11b	375.0	5.0	0.86125374	0.86125374	0.031236378	0.0037678508	0.0002682032	0.00039733507	0.0028245247	0.00038620792	0.00040147625	0.0019181755	9.319622e-05	0.00012376482	0.007231418	0.0075866384	0.008395263	0.000120352954	0.0009948266	9.693231e-05	0.00011146256	0.0008100299	0.011527204	0.011527204	0.00094872835	0.006699133	0.0018781037	0.02734313	0.020818094	0.0034612995	0.0017584336	0.00054024375	0.00031900706	0.000703324	0.0006930689	0.0003720497	0.00023626395	0.0015044049	0.00045959125	0.0010252626	0.00061871577	0.00014558037	0.00016590269	0.00061871577	0.0036514057	0.0018847882	0.003912699	0.00012867896	0.00026970587	0.00034828568	0.0010018111	0.0048395363	0.0009176641	0.017251587	0.00024049584	0.0024504543	0.004343929	0.002939988	0.00027138402	0.009541646	0.016948836	0.0008027657	0.007047716	0.00016656684	0.10322457	0.005358092	0.00012790265	0.0004313047	0.0023471888	0.009687228	0.0016176954	0.00023454448	0.10322457	-24.984952926635746
s04e11b	380.0	5.0	0.022207916	0.022207916	0.00022240807	0.00077173254	0.00018518549	0.00012812774	0.000371401	0.00027293572	0.0036310202	0.00070503156	0.00020427442	6.3361986e-05	0.0009383024	0.00295166	0.00074873434	2.2606933e-05	3.868825e-05	0.00022870547	0.00021643032	0.00012858452	0.019259615	0.0010778932	0.00169335	0.0009651764	0.00015768777	0.0037517617	0.013290323	0.0035087115	0.0019712462	0.0004064501	0.00014843681	0.000294306	0.0018564652	0.00038484752	0.00029156765	0.002893462	0.0009238696	0.0026427524	0.00015619028	0.00051642803	0.0014410472	0.00051642803	0.003467033	0.0018222809	0.01112312	0.0001948174	0.00036512082	0.00040630036	0.008276352	0.0007826068	0.008289556	0.017857736	6.911775e-05	0.0009370534	0.031841226	0.00029742063	0.00010043118	0.00022598726	0.0004410719	0.00030176842	4.654403e-05	0.0003412251	0.017606813	0.0019977924	0.00047041572	0.0007093431	0.008063616	0.021724673	0.00026688748	0.0013054325	0.043281447	-35.454219818115234
s04e11b	385.0	5.0	0.73630464	0.73630464	0.035257883	0.00690529	0.0005125358	0.0023777413	0.101480395	0.0003965981	0.0014924265	0.0014213028	0.0004487316	0.00024936706	0.0016018442	0.0058941357	0.0041825417	0.0007773475	0.012724014	0.00031330565	0.06446277	0.011888105	0.013108509	0.003218284	0.0006834086	0.003536681	0.0005832137	0.003536681	0.022947973	0.016225707	0.008679874	0.0019327446	0.0002671734	0.0010124593	0.0029059348	0.00037843978	0.0002196541	0.0015777745	0.0009566484	0.0014968999	0.0028649645	0.001236266	0.00016742766	0.0028649645	0.0017618085	0.0030717233	0.006727945	0.0010951249	0.00088031974	0.00075312494	0.0054463116	0.0014612991	0.0021731807	0.007925484	0.00028929103	0.0026754607	0.0013902785	0.0012077005	0.0005959456	0.001771926	0.0027525115	0.0044445293	0.00046995474	0.00053813227	0.0065675895	0.0015198564	0.0005708011	0.0025760257	0.0040580635	0.00498886	0.035141952	0.00017462141	0.035925906	-21.22191619873047
s04e11b	390.0	5.0	0.80453986	0.80453986	0.019838853	0.008185447	0.00022440954	0.0010711418	0.064178795	0.00078772334	0.00088135625	0.0030607474	0.00018453436	0.00042464834	0.005280432	0.017788501	0.0011370655	0.0004926914	0.001099861	0.0014494025	0.00044534277	0.12973882	0.024057735	0.006074859	0.007960805	0.0022041039	0.0006051389	0.0070656016	0.01314833	0.0027918583	0.001207406	0.00043002097	0.00023938336	0.00039125216	0.0038655663	0.00045268293	0.00019805197	0.022055985	0.022055985	0.002562428	0.0037482844	0.012171489	0.000819239	0.012171489	0.003181109	0.06983582	0.025950858	0.0006837258	0.0005602556	0.00030875107	0.00679805	0.016285526	0.0057848273	0.025709657	0.00061384623	0.004139321	0.00097559026	0.001788015	0.00017183021	0.000462932	0.0032960344	0.00070765545	0.0007350889	0.0006354083	0.00442548	0.0007513629	0.0016861525	0.005805055	0.0046271565	0.004358666	0.0033104585	0.0003645803	0.006371753	-25.008331298828125
s04e11b	395.0	5.0	0.8931816	0.8931816	0.1302975	0.10446751	0.00030782496	0.0019739612	0.006064701	0.002315883	0.0031374579	0.0029511703	0.00046549717	0.0003801927	0.0027628094	0.00415362	0.00095371256	0.0002599546	0.00066891586	0.000708394	0.0005193207	0.001997454	0.00421525	0.0016993062	0.00137159	0.0018743549	0.0009988796	0.0018743549	0.048955195	0.009231181	0.00570831	0.0012384977	0.00044400373	0.0009221555	0.002631221	0.00047179798	0.00033206248	0.0027731366	0.0009237899	0.0013352189	0.000585348	0.00050405675	0.00024116035	0.000585348	0.0013610537	0.0024972123	0.0025751316	0.0002450786	0.0002551701	0.0006449967	0.0011329451	0.0008867177	0.0011932498	0.0027800947	0.00055199966	0.0023877681	0.0008925717	0.00181911	0.00028321266	0.0074604666	0.00031915307	0.0015453332	0.0015945688	0.00029863216	0.00301775	0.0025802401	0.00061990245	0.0005198234	0.00071482424	0.0057449522	0.0014478933	0.0006065941	0.0064518214	-21.99252319335937
s04e11b	400.0	5.0	0.8691833	0.8691833	0.12822083	0.044243332	0.00060429226	0.003700102	0.19556548	0.0032486613	0.001590131	0.0065375054	0.0023155063	0.00018949379	0.0015357719	0.0069442783	0.0045079864	0.0011865676	0.0014082387	0.00074867764	0.003769641	0.08952757	0.005985094	0.0019399547	0.0016643647	0.0032820734	0.001014266	0.0032820734	0.037491176	0.00420314	0.0012628549	0.00046587983	0.00017180482	0.00038736573	0.0013909889	0.00053220545	0.00046683117	0.0014726971	0.0005791967	0.0011086361	0.0020487166	0.0011103759	0.00019237582	0.0020487166	0.0007276543	0.0021576725	0.0015602006	0.00023226657	0.0004068164	0.00024458795	0.0013760554	0.0011908188	0.00054363365	0.0047423653	0.0017185613	0.003049184	0.00052821223	0.0027429406	0.00017261138	0.006712791	0.0010869136	0.0015643754	0.00159137	0.00027484406	0.0027827807	0.0009287113	0.00034277904	0.0010806286	0.0013777503	0.006883774	0.0036633657	0.00040135457	0.004537066	-24.12157249450684
s04e11b	405.0	5.0	0.88206846	0.88206846	0.16147675	0.041310184	0.00010907982	0.015084582	0.13974245	0.0017359003	0.0027682106	0.002439964	0.0012240963	0.00082797103	0.0027603512	0.01213092	0.0011331679	0.00046543975	0.0030982385	0.00016955344	0.007040739	0.08447703	0.004440683	0.004440683	0.0023178328	0.0010154108	0.0004694036	0.0029869284	0.026018618	0.003937103	0.0025321457	0.0006165927	0.00021707948	0.0006368536	0.0018670096	0.00033695827	0.0003502639	0.00070066703	0.000376298	0.0005731811	0.0016336964	0.0004759133	0.00013945006	0.0016336964	0.0009777788	0.0026255185	0.0018543139	0.0002676277	0.00027200728	0.0013646978	0.0007117857	0.0016552283	0.00065571384	0.008587308	0.0005189684	0.005469689	0.00060207344	0.00239501	7.629409e-05	0.0025024752	0.00086748524	0.0009989643	0.0008057584	0.00029203473	0.0031693217	0.00064071955	0.0006569473	0.006340724	0.00062505825	0.005018197	0.0029848048	0.00038645833	0.006340724	-21.124046325683597
s04e11b	410.0	5.0	0.933367	0.933367	0.1400495	0.024458237	0.00026688978	0.00081417774	0.0011424697	0.0035257163	0.0016625259	0.0013079889	0.0011328933	0.00056326203	0.00768967	0.0023006236	0.00068367634	0.00027755476	0.00017726328	0.00022261005	0.00019078025	0.0010446601	0.0013799485	0.0013799485	0.0011924732	0.00057289866	0.0007008797	0.0007008797	0.02521457	0.005196805	0.0025040016	0.001811178	0.0008812509	0.0013305816	0.0010480279	0.0017822438	0.0002470095	0.0023125943	0.0007164921	0.001269498	0.00045164482	0.00037626305	0.000384578	0.00045164482	0.0018724024	0.0015916441	0.0033498183	0.00036280463	0.00024206845	0.0010356368	0.00095124374	0.0017822438	0.0011120664	0.0028555808	0.0033696296	0.0009599326	0.0006136029	0.0012824049	0.00022038624	0.005392582	0.0006460952	0.001857754	0.006077341	0.00023514548	0.00276855	0.002095189	0.0002740269	0.00030465686	0.0046656607	0.008439224	0.0016772602	0.001031996	0.007933208	-23.969877243041992
s04e11b	415.0	5.0	0.86398035	0.86398035	0.014036406	0.019094354	0.0013909148	0.00083617517	0.017283816	0.0019717228	0.002569599	0.0071358806	0.00027313043	0.0011951438	0.004937908	0.007153662	0.000812686	0.00063914515	0.0011604406	0.00023104844	0.00026695366	0.00075600046	0.02584215	0.020135108	0.0030018387	0.0084168725	0.001710931	0.0084168725	0.020301403	0.0055568744	0.0024840648	0.0018918648	0.00036467315	0.0013778494	0.0010362718	0.0016879356	0.00025528032	0.0035482005	0.0005905165	0.0019701126	0.00026752643	0.00022528421	0.00050742517	0.00026752643	0.0019841224	0.0011755247	0.006362844	0.00037103862	0.0002493395	0.00035755476	0.0027243567	0.0031533663	0.0014962672	0.026381772	0.0009126129	0.0013350397	0.0013322834	0.003242941	0.00024342937	0.029836595	0.010371445	0.001886128	0.002647866	0.00046522435	0.0069959303	0.0022069602	0.0005605967	0.0010076243	0.0044730236	0.0035636127	0.0028792282	0.0013320842	0.0069959303	-26.118371963500977
s04e11b	420.0	5.0	0.76418924	0.76418924	0.031195438	0.0064071016	0.00027280694	0.004315569	0.23979822	0.0011552679	0.0019085121	0.00095643604	0.0003923779	0.0007386365	0.002354038	0.0021448305	0.0005037959	0.00076860643	0.0036005243	0.00075453945	0.014838011	0.026757346	0.005025106	0.005025106	0.0011598471	0.025912281	0.0027375135	0.025912281	0.05194697	0.01604525	0.0051432545	0.0017348429	0.00055766315	0.0016932228	0.00932645	0.00047215115	0.0006567686	0.009848884	0.009848884	0.0057592224	0.020378651	0.0211606	0.0020061561	0.0211606	0.0009302594	0.030986538	0.014013142	0.0018497953	0.002088319	0.00076994824	0.0096322335	0.0018473917	0.004215584	0.0052875346	0.00013855696	0.00049337634	0.00092018733	0.00070840813	0.00032534834	0.00088425825	0.00052284467	0.0011631188	0.00022118427	0.0004625734	0.0017907625	0.00057365437	0.0029828672	0.005308556	0.0004061987	0.014244095	0.0015428154	0.00020175954	0.005308556	-22.84650611877441
s04e11b	425.0	5.0	0.8569318	0.8569318	0.08890863	0.07147553	0.0003105501	0.005516016	0.02003647	0.0044113426	0.005259016	0.0028358893	0.0027907887	0.00028462266	0.0017365026	0.0031655307	0.0007619304	0.00021389325	0.00145867	0.0007083646	0.00063917466	0.006116253	0.0031942849	0.0031942849	0.0011759498	0.0016450399	0.00092957536	0.002147645	0.037441798	0.0056314315	0.0025707446	0.00074185926	0.00051601377	0.00067764876	0.0022340277	0.00032612536	0.0006116084	0.0022317509	0.0010388294	0.0021742708	0.0011614503	0.0010791915	0.0008426676	0.0011614503	0.00088341197	0.0030979926	0.003534487	0.00037350637	0.00018770558	0.0005481965	0.0011041788	0.00092015974	0.00081990944	0.0025487123	0.00040813434	0.0014756493	0.0007414066	0.013222026	0.0002712009	0.004695225	0.0007624723	0.0025085793	0.004799985	0.00017736218	0.0028830857	0.0005532889	0.0005107801	0.0017750494	0.00039297758	0.004434378	0.0017750966	0.00050674047	0.00789793	-20.623647689819336
s04e11b	430.0	5.0	0.87134117	0.87134117	0.19287542	0.07909612	0.00046162962	0.00252259	0.012601924	0.0043544755	0.0019358083	0.003945133	0.0004272739	0.000399671	0.006687936	0.0038533388	0.0008862945	0.0005529741	0.0024127502	0.00065751106	0.0005375596	0.003694594	0.0034038755	0.0027753343	0.0012298926	0.0017244985	0.0011976423	0.0041953675	0.009044377	0.0040300903	0.0023912385	0.0009022571	0.0005783505	0.00080568355	0.0016858532	0.00038039696	0.00023618714	0.0026011828	0.0015654289	0.00093146774	0.0010212852	0.00078802224	0.00034813647	0.0010212852	0.0011251507	0.0040891008	0.0050928504	0.00048356596	0.00028835863	0.0008763808	0.001884051	0.0012770905	0.0012485506	0.008247342	0.0005502753	0.005359749	0.0014052711	0.0047575836	0.00061932846	0.003326267	0.0008827026	0.0018945815	0.010766477	0.00035056306	0.0107536055	0.0025860476	0.00032354565	0.000830308	0.0009236883	0.006121461	0.0028775379	0.0004273148	0.019543258	-21.39738273620605
s04e11b	435.0	5.0	0.8360868	0.8360868	0.04193219	0.039500266	0.00016096735	0.006817126	0.23651163	0.001837194	0.0052877106	0.0034775399	0.0007658701	0.0005156494	0.0033225808	0.0010643405	0.0009776643	0.0006375967	0.004594049	0.00051515346	0.006165435	0.010395204	0.0019003466	0.001368671	0.0019003466	0.0020175732	0.0005075814	0.0020175732	0.07535683	0.00494589	0.0028288604	0.0010342785	0.0004748828	0.0012127421	0.0029621765	0.0006180689	0.0008617989	0.0034190852	0.001482198	0.0034190852	0.014034902	0.0064902003	0.0005868753	0.014034902	0.00072812394	0.007476266	0.012860697	0.0032186238	0.0024646514	0.0025668824	0.0058181635	0.0007651002	0.003769772	0.0020435522	0.0020458817	0.001753746	0.00092489965	0.0025686729	0.0010797102	0.006292582	0.000404591	0.0019227783	0.0011412379	0.000331278	0.002600547	0.00048221156	0.000770386	0.005503493	0.001321938	0.01133629	0.0031350593	0.0007480914	0.005503493	-20.877689361572266
s04e11b	440.0	5.0	0.8816491	0.8816491	0.15694861	0.05613333	0.00018778758	0.0014413903	0.002713416	0.0032316719	0.004129732	0.002760472	0.00079135015	0.00042836356	0.008442988	0.0018593372	0.00067503273	0.0004434494	0.0017595658	0.0006155813	0.00026968733	0.0019518492	0.006317567	0.0035291757	0.0015309798	0.001600927	0.0010221174	0.001600927	0.012347405	0.0060135066	0.0028671857	0.0011428904	0.00021971946	0.00093839364	0.0015361734	0.0009937581	0.0001979674	0.003609782	0.001588573	0.003609782	0.0010270351	0.00072983466	0.0018829297	0.0010270351	0.0012113486	0.0030695144	0.0030100355	0.00026314647	0.0002068076	0.00031969484	0.0012189582	0.000915441	0.0009045683	0.0018831348	0.00026991396	0.0014804284	0.00069128885	0.0029298991	0.00016076058	0.0043098745	0.00032595874	0.0012715729	0.0053936536	0.00020955836	0.003539337	0.0010719768	0.0008356251	0.00074003934	0.0007229211	0.0064694053	0.001164838	0.0046498016	0.024494791	-23.494529724121094
s04e11b	445.0	5.0	0.84058094	0.84058094	0.055036467	0.003298289	0.00014367425	0.00057423697	0.0016577273	0.00029944244	0.0014268387	0.00094859424	0.0011915875	0.00011490521	0.0014578812	0.011529291	0.0002976013	0.00039913264	0.0004078975	0.0002109484	0.00037119165	0.0007689009	0.002523633	0.00059546635	0.0020025917	0.0033494872	0.00087767566	0.014937457	0.018649759	0.0022317776	0.0012762928	0.00025962593	0.0004070959	0.00017960365	0.004459861	0.00025140098	0.00021892607	0.020307992	0.005398045	0.020307992	0.00072444556	0.0018837883	0.014472044	0.0018837883	0.0040399916	0.005957335	0.0068993443	0.00019583559	0.0002733602	0.00016308234	0.0030214952	0.0024946895	0.000883491	0.35869214	0.00028526052	0.08024916	0.0008740257	0.0016989212	0.0006461552	0.0004624206	0.001962107	0.0005149885	0.003292078	0.00040597533	0.0065349974	0.0029422292	0.004394716	0.1690726	0.0038262352	0.002243056	0.0004302305	0.00065437536	0.1690726	-27.03615951538086
s04e11b	450.0	5.0	0.80531526	0.80531526	0.018741017	0.026897749	0.00021205311	0.0030473107	0.040363427	0.0025105774	0.003423537	0.0069651315	0.0003338843	0.00013129495	0.0016688512	0.007364031	0.0016178518	0.0010146584	0.0028733897	0.001242589	0.002403155	0.16788383	0.0047697187	0.0039885505	0.0013918185	0.0020618516	0.00075535564	0.0020618516	0.032190587	0.003952654	0.0014864603	0.00032832904	0.00019157957	0.0006104815	0.0033098261	0.00022406552	0.0002651451	0.00228866	0.00228866	0.0007649744	0.003676582	0.0023413228	0.00027259946	0.003676582	0.0017031343	0.013540872	0.016787024	0.0019218827	0.00065020524	0.0011460454	0.0041216346	0.005281464	0.0061251703	0.027492668	0.00030831867	0.0063954494	0.0014965577	0.0011027608	0.00081522146	0.0012376716	0.00085146376	0.0007595356	0.00030261488	0.00017705499	0.0066835596	0.0017664016	0.0019162074	0.0072473097	0.0016875184	0.0074498253	0.0038245565	0.00035336043	0.019737562	-21.275230407714844
s04e11b	455.0	5.0	0.7213927	0.7213927	0.007998392	0.002126638	0.00027770377	0.0010583366	0.012233747	0.00030697972	0.00089694664	0.0040436387	0.00095762283	0.00011541475	0.0016108089	0.009120887	0.0019954664	0.0005003757	0.00029050853	9.363288e-05	0.00043324393	0.005342014	0.01917312	0.0063011483	0.0033764327	0.009427638	0.002408936	0.009427638	0.031957652	0.0051181535	0.0013864117	0.000585107	0.00031089108	0.00038865925	0.0013548956	0.0025346484	0.00019237859	0.0022896817	0.0022896817	0.0010548629	0.001420096	0.0009421796	0.00056025403	0.001420096	0.0026356396	0.010193286	0.024034644	0.0011252676	0.001986904	0.0005124989	0.023394786	0.015933262	0.009048994	0.024947617	0.002631211	0.0011850405	0.028660754	0.00027358992	0.00013146909	0.00032163336	0.003530989	0.0006860397	0.00037786624	0.00089734787	0.009831871	0.023483142	0.0022015446	0.02311309	0.11811051	0.0021863356	0.0089238575	0.00018423864	0.11811051	-26.0947265625
s04e11b	460.0	5.0	0.86890924	0.86890924	0.11793242	0.0357442	0.00024196855	0.0054696198	0.18640286	0.0018993411	0.0016653729	0.002578004	0.00026990188	0.0004658208	0.0034738632	0.0031643452	0.005267704	0.0011782557	0.0042360183	0.00031600278	0.0050745886	0.13080904	0.0034302885	0.002289907	0.00263382	0.0013482274	0.00044943238	0.0018683751	0.022751467	0.007956377	0.0038764733	0.0009048829	0.00066037284	0.0013299785	0.0022827045	0.00049330253	0.00042831214	0.0010617155	0.0010617155	0.0007375874	0.004530627	0.0019557693	0.0001328747	0.004530627	0.000867587	0.00514541	0.00321317	0.0007886548	0.0003884844	0.0012881923	0.0020669065	0.0012738026	0.0019490627	0.003756238	0.0002863292	0.0017583133	0.00059847254	0.004940861	0.00035607096	0.004819705	0.00050361967	0.00080213445	0.0012779374	0.0003350852	0.0035219707	0.00066655874	0.00059715146	0.0027778295	0.0022743584	0.0066620233	0.0046249568	0.0002494591	0.0046249568	-23.403682708740234
s04e11b	465.0	5.0	0.84943557	0.84943557	0.1820848	0.033648267	0.00020736086	0.0020093024	0.07941297	0.001197274	0.0012521282	0.0015741498	0.00019415392	0.00045804426	0.002625643	0.026271274	0.0008313107	0.00024130892	0.015719991	0.00020583188	0.09238134	0.046125475	0.0029085197	0.0007920473	0.001051395	0.00052859954	0.00015494217	0.0006779834	0.009175373	0.0046709916	0.00157984	0.000656092	0.00019334919	0.00035215516	0.003260284	0.0001863652	9.340387e-05	0.001109881	0.00045988488	0.001109881	0.0006591411	0.0004471319	0.00016048826	0.0006591411	0.0011693821	0.0007278853	0.0012929116	0.00040013247	0.00023314965	0.00043180128	0.0011612014	0.0010269686	0.00046738415	0.008176475	0.00022642163	0.0032134235	0.00080624304	0.00081930496	0.00028971303	0.00033870648	0.0010416167	0.0015395964	0.00040537008	0.00028977657	0.0005821008	0.0006570788	0.00031044768	0.0017253697	0.000771691	0.0042188377	0.0041406834	0.00012014392	0.015815444	-21.27467155456543
s04e11b	470.0	5.0	0.76091456	0.76091456	0.032564033	0.011122259	0.00035162191	0.0024023205	0.006238223	0.0005316386	0.0023726209	0.0021933436	0.00034023792	0.0002713654	0.009643662	0.020799626	0.00089083007	0.00010648643	0.009185167	0.000290662	0.005760107	0.005609978	0.01095004	0.0033566675	0.0009463658	0.0042460747	0.00257139	0.004918705	0.016759234	0.007954857	0.005367431	0.0012473025	0.0005346878	0.0008653183	0.002145356	0.0003309415	0.00023535204	0.001844596	0.0006994991	0.00081883895	0.00053554005	0.00031321842	0.00017804213	0.00053554005	0.009619668	0.0017846258	0.0024345533	0.0001005664	0.00039529926	0.00040052173	0.0007990417	0.0025962477	0.0007182779	0.011963167	0.00048482296	0.027307777	0.0026112911	0.0021832003	0.0005346144	0.0034452162	0.0011147191	0.0015799694	0.0014754524	0.00023166323	0.004587793	0.002583397	0.00070963457	0.003019067	0.00090659165	0.006812792	0.005361645	0.0002727817	0.13120149	-21.941246032714844
s04e11b	475.0	5.0	0.8622282	0.8622282	0.15971272	0.007938351	0.00031402093	0.004183124	0.13061	0.0034454651	0.0017767011	0.001252109	0.00075904717	0.00043972512	0.0038684355	0.0014056647	0.0010094062	0.00039251076	0.0014284838	0.00062059175	0.0027941295	0.05376277	0.014099633	0.0010967526	0.014099633	0.00073278265	0.0003888067	0.0015405319	0.030405944	0.0033292323	0.001503237	0.00039807835	0.00015717017	0.0005054322	0.0019635716	0.0003228499	0.00018405289	0.0028875512	0.0026429119	0.0028875512	0.019753309	0.014526539	0.0005740714	0.019753309	0.0011160695	0.010637967	0.008958248	0.0012748786	0.00040276468	0.0005280695	0.0037319472	0.0009395051	0.0014487429	0.007710234	0.00026212208	0.0022055306	0.0005035794	0.0032971434	0.0017799971	0.0015144575	0.0002374043	0.00078647607	0.000581681	0.00084873603	0.001338588	0.001207819	0.0010458251	0.004468605	0.0011161258	0.015361871	0.0025345036	0.00056670525	0.012664871	-21.289064407348636
s04e11b	480.0	5.0	0.84565794	0.84565794	0.042568248	0.005522635	0.00027283738	0.0038058897	0.24610335	0.0009870563	0.0019912394	0.0035807127	0.0005631633	9.1177055e-05	0.0024788915	0.006505863	0.0017821454	0.0006813905	0.0024445145	0.0013451081	0.0042855865	0.006677203	0.020231653	0.002927397	0.000807174	0.0013937524	0.00037555708	0.0014237372	0.026750138	0.005539043	0.002192899	0.00033118168	0.0001375561	0.0002918463	0.002683787	0.00016850198	0.00013913978	0.00086843304	0.0006953839	0.00050590653	0.00461203	0.0010237498	8.304755e-05	0.00461203	0.00081854843	0.0051678047	0.0046103927	0.00018191627	0.00019063932	0.00029197655	0.0013784998	0.00088994345	0.0011326424	0.03387284	0.00015257749	0.006368128	0.0006077179	0.0018774245	0.0009666663	0.0037112283	0.0010185839	0.00060132105	0.00049168436	0.0002530193	0.0025761924	0.0010983072	0.00023751592	0.0032687213	0.00040652076	0.004077098	0.0017868205	0.0002583727	0.05093585	-22.32269096374512
s04e11b	485.0	5.0	0.8621712	0.8621712	0.02374603	0.0252289	0.0039840653	0.011932866	0.0490083	0.009187151	0.009006225	0.10224287	0.00032203653	0.00043185582	0.0036900365	0.0024306644	0.0013908036	0.002814898	0.015261861	8.775812e-05	0.0063623614	0.017215246	0.09104628	0.005991941	0.09104628	0.0042185592	0.0021799142	0.0042185592	0.0134484405	0.0024722964	0.0012872424	0.00032511394	0.0002448927	0.00040058073	0.0023428348	0.00037036682	0.0003324543	0.0006563706	0.0003463703	0.00052174967	0.0035598322	0.00036545377	0.00015125005	0.0035598322	0.0012644376	0.0017291387	0.0044518146	0.00016927754	0.00046192014	0.0003082014	0.0026576042	0.0020455613	0.0008943676	0.070110165	0.00059824926	0.22501126	0.00042357112	0.0006478006	0.00061022234	0.00042933144	0.0004424103	0.00051557226	0.0010117954	0.00049051124	0.00046593955	0.0011081938	0.0018199049	0.011289926	0.00083647197	0.0025109893	0.0023082022	0.00096422835	0.023473816	-21.02407455444336
s04e11b	490.0	5.0	0.56841016	0.56841016	0.027525714	0.043130502	0.00059387286	0.009211912	0.04006573	0.007003043	0.07721743	0.046076328	0.00022024842	0.0005708775	0.0032655508	0.004678524	0.0010231803	0.0019662357	0.026880119	0.0003272291	0.042875372	0.052162126	0.0029897373	0.0011988162	0.00060900947	0.0024683927	0.0011690959	0.0024683927	0.025045544	0.0061882464	0.0035376137	0.001169307	0.0002954119	0.0006212466	0.0013898826	0.0007550929	0.0012430933	0.0021008323	0.0009579048	0.0021008323	0.0018886989	0.0008662955	0.00065607636	0.0018886989	0.0011472743	0.001241963	0.004407043	0.00028024302	0.00013798554	0.00057756994	0.0019727217	0.002473442	0.0010050342	0.0023422977	0.0006829639	0.0013254213	0.0007968336	0.0011585928	0.00071210216	0.0005836043	0.0004494215	0.000517485	0.00024187005	0.00029116485	0.0013228586	0.00050262024	0.0012028265	0.0018103531	0.00055448676	0.0027806843	0.0011364027	0.00031420004	0.0018103531	-20.285137176513672
s04e11b	495.0	5.0	0.7003594	0.7003594	0.10478627	0.01435371	0.00047160307	0.012429753	0.0449581	0.0013976296	0.008325977	0.0148534365	0.0006375609	0.0008302831	0.0007461772	0.01639125	0.0011323716	0.00022864812	0.01434319	0.00084255077	0.28374937	0.15191758	0.0018181076	0.0011355306	0.0011770844	0.003610079	0.00043783413	0.003610079	0.07652284	0.020653464	0.010217568	0.0019492018	0.00082272297	0.0014555216	0.019341527	0.00092861487	0.00072836125	0.0013193022	0.0013193022	0.00015554628	0.0015392292	0.0019167901	9.751257e-05	0.00195219	0.0011853104	0.006718924	0.018035099	0.0017437091	0.00052047905	0.0024652774	0.0043367967	0.00086170324	0.0011833936	0.01204206	0.00035117753	0.0003196354	0.0022621837	0.0008578537	0.00026428848	0.00031311307	0.00029525592	0.0017893661	0.0009095663	0.0002734676	0.0014186639	0.00048246694	0.00074247917	0.0014764927	0.0006689984	0.0023520153	0.003318265	0.0006245423	0.012592642	-21.1849365234375
s04e11b	500.0	5.0	0.7804686	0.7804686	0.057785045	0.0059930366	0.00010606606	0.005749579	0.22532974	0.0007694312	0.007915533	0.00038236592	0.00022401211	0.00016095492	0.00021903317	0.0051909294	0.0011124712	0.00032140347	0.0025276297	0.0020138628	0.008145933	0.05344758	0.006783095	0.0009294266	0.0008114101	0.0024534564	0.00031213573	0.0024534564	0.05757883	0.006191608	0.0029415677	0.00055629486	0.00028927144	0.0004327131	0.0051138625	0.00031055632	0.00048621648	0.0027078937	0.0027078937	0.0016956119	0.0042620883	0.004584075	0.0005921428	0.004584075	0.00065485825	0.012595927	0.004333771	0.00065946905	0.00050623744	0.00027192198	0.005351958	0.0013766964	0.0017667833	0.030376384	0.0001579445	0.0012612105	0.0013164061	0.00088717276	0.00016980665	0.0002892036	0.00033681342	0.0005835418	0.00012681731	0.00030056594	0.0018369132	0.0004133967	0.0014834561	0.009715053	0.00029603188	0.006590468	0.0021940074	8.5481464e-05	0.073190786	-21.529207229614254
s04e11b	505.0	5.0	0.85843235	0.85843235	0.040099937	0.061332587	0.00069803046	0.0039326325	0.0151654715	0.0017931423	0.0029163808	0.0015309084	0.0002792631	0.00033426424	0.0010708398	0.03673029	0.0015401917	8.553585e-05	0.001127292	0.00078989344	0.003176339	0.015960965	0.006204526	0.0032869799	0.00054987054	0.0060029756	0.0014762296	0.0060029756	0.08017379	0.011337225	0.003627553	0.0010395655	0.00043488684	0.0011516563	0.006150963	0.00033659532	0.00066202955	0.0013730641	0.0006742223	0.0008072713	0.00070885423	0.0005133044	0.00016057368	0.00070885423	0.00087578845	0.0044303313	0.003984111	0.00040460972	0.0005710005	0.001549906	0.0018332578	0.00069119263	0.0013822003	0.008362826	0.000555106	0.0051275175	0.0010741727	0.007685705	0.00089806895	0.0038618594	0.00039918456	0.0014711889	0.00097483944	0.00018923378	0.005646854	0.0018294811	0.0025412198	0.0010169907	0.00053664355	0.0089320345	0.0049074963	0.00012120729	0.012395389	-21.41010093688965
s04e11b	510.0	5.0	0.19221704	0.19221704	0.010675683	0.0011322368	0.00021720845	0.0073793167	0.021554235	0.00051466585	0.009437845	0.0057149366	0.00038132918	0.000108854445	0.0004739948	0.07215213	0.00035596083	0.00013781185	0.010143273	0.00087912194	0.06297804	0.08726008	0.0051708403	0.0026178702	0.0015224825	0.0047823275	0.0010249668	0.0047823275	0.76594764	0.07935974	0.043950476	0.000886205	0.00026813775	0.0025072575	0.028404782	0.00029847334	0.07176451	0.0027707757	0.0027707757	0.0019909656	0.0035242154	0.0056744316	0.0006400988	0.0056744316	0.0010456997	0.0070772325	0.015159163	0.0015696372	0.00090792414	0.0007227434	0.011795972	0.0036523356	0.0017853029	0.006809898	0.00028377402	0.0062850756	0.0008283672	0.0007017446	0.00087298075	0.00040195647	0.000116494004	0.0011263958	0.00028617418	0.0006320435	0.0013841188	0.0010237371	0.0024886348	0.015283954	0.00084126886	0.0057141264	0.006394738	0.0002725337	0.089932464	-20.13531494140625
s04e11b	515.0	5.0	0.81696147	0.81696147	0.0052314145	0.0419229	0.00047253587	0.0022853056	0.0014688272	0.00096469285	0.006047284	0.025164941	0.0014579612	0.00039531395	0.0024539907	0.024219118	0.000844442	0.00045613042	0.00079262746	0.00046953856	0.0002383853	0.004813205	0.040870212	0.020735672	0.0018194347	0.037776552	0.018051615	0.037776552	0.7180995	0.05541221	0.04578996	0.0013684063	0.00042163316	0.0023874284	0.030245524	0.001374449	0.01708321	0.0029286833	0.0015773315	0.0021187419	0.0016888002	0.0013265528	0.00065425	0.0016888002	0.0027633247	0.00731712	0.0119233895	0.00023625989	0.00069961784	0.0006273719	0.0011793228	0.0091842385	0.00044587374	0.002233833	0.00044622985	0.0068922485	0.0007103037	0.006393178	0.0003227582	0.007858677	0.0017269013	0.0005545954	0.0008842726	0.00022430642	0.0017412613	0.0009201852	0.004070683	0.006471683	0.0025883263	0.011993059	0.0031182694	0.0004788837	0.006471683	-24.634769439697266
s04e11b	520.0	5.0	0.89466345	0.89466345	0.03511026	0.08707365	0.0022536393	0.0015267485	0.0045697694	0.005428838	0.0013681692	0.04276556	0.0002312349	0.0005542701	0.012730371	0.050673608	0.0016612072	0.00042241847	0.002261821	0.00032800713	0.00045811656	0.035234917	0.09607027	0.013419628	0.0035534645	0.011537076	0.007524556	0.011537076	0.0512976	0.004019906	0.0012092878	0.0008002563	0.00022759693	0.00071206584	0.001915809	0.0004156033	0.00021788444	0.009745764	0.005461359	0.0029642996	0.0025964833	0.0035810068	0.00054604193	0.0035810068	0.005978581	0.010460302	0.004663241	0.00029513912	0.0004763272	0.0007311089	0.000979835	0.004167103	0.00068145094	0.0022624808	0.0007469915	0.0054421597	0.00051942864	0.0013108572	0.00011570973	0.008244175	0.00025090866	0.0006688435	0.0009788101	0.0001729788	0.0018285661	0.0011157745	0.0011270456	0.0007919533	0.0012586567	0.011941582	0.0074858083	0.0005035765	0.012499295	-25.81070327758789
s04e11b	525.0	5.0	0.8831704	0.8831704	0.018173408	0.05086024	0.0022668163	0.00039492993	0.0029578183	0.0004575634	0.0013849272	0.03285208	0.00015292676	0.00027128574	0.004978716	0.01188138	0.0022444285	0.0005202434	0.00091610424	0.00029158682	0.00023860426	0.014789917	0.021485297	0.016740974	0.006462354	0.0078452295	0.001970602	0.011107055	0.034135774	0.008354179	0.001752632	0.0011375736	0.00033690385	0.00096174784	0.0010655107	0.00034798848	0.0001826163	0.0053714905	0.0015693944	0.0011542536	0.0014167872	0.0011977176	0.00023516497	0.0014167872	0.0032836136	0.002710201	0.00659533	0.0009887466	0.0056745633	0.00020692516	0.007730569	0.009152469	0.0008715944	0.00658554	0.00019498671	0.0020767339	0.0009665457	0.0016429409	5.5829634e-05	0.0034658043	0.0006965323	0.0011635609	0.0024943599	0.00040646596	0.0022960585	0.0002914534	0.0012025412	0.0009938878	0.002683935	0.016112918	0.0020626443	0.00075693545	0.004806296	-28.453054428100582
s04e11b	530.0	5.0	0.8629164	0.8629164	0.0791556	0.14456905	0.00035364451	0.0068398863	0.14947152	0.0030178966	0.0021155747	0.0015437802	0.0011434937	9.98286e-05	0.0135935135	0.0029056696	0.0012454125	0.00050708547	0.0019357133	0.0010563326	0.0038862964	0.057115447	0.0032061967	0.0016617608	0.0019913286	0.0002342095	0.00058282947	0.00058282947	0.054270126	0.0036525351	0.0012996837	0.00077710795	0.00013526478	0.00073647447	0.0028243635	0.00023574776	0.00037354464	0.002033937	0.0010079959	0.002033937	0.00075637735	0.002535367	0.0006049111	0.0027133618	0.0012251682	0.0029685167	0.016995965	0.0020187758	0.00039931244	0.0011255881	0.0033175065	0.00091069925	0.0036643022	0.008769206	0.00040348232	0.0013539083	0.00061555987	0.0063282144	0.0013526994	0.012797307	0.00057517085	0.00092051574	0.00023694141	0.00022205085	0.0016213106	0.0012310992	0.0011439425	0.0021957075	0.0044262907	0.0061304057	0.007302443	0.00033299325	0.007302443	-23.390811920166016
s04e11b	535.0	5.0	0.8753698	0.8753698	0.08752685	0.018346729	0.00014062191	0.0013679776	0.08727787	0.0010492642	0.001957613	0.002346903	0.0006064418	0.0004190043	0.0019718767	0.0037071686	0.002861648	0.00049641385	0.0024844974	0.00048311168	0.0046026506	0.019797828	0.03384688	0.0026429938	0.0012001004	0.003216128	0.0010223108	0.003216128	0.08302566	0.0057008886	0.0021195223	0.00060178805	0.0002292495	0.0005477653	0.0014507171	0.0009539398	0.00022056639	0.002541418	0.00253319	0.002541418	0.018283242	0.008553307	0.00036171693	0.018283242	0.0008660924	0.017597612	0.021493906	0.001167776	0.0011013452	0.00044663902	0.0016220642	0.0025652568	0.010423556	0.0039032619	0.00043209977	0.0011514637	0.0011019218	0.0012733665	0.00020802903	0.0010170494	0.00061258033	0.0012158331	0.00038270417	0.0003320185	0.0005599481	0.0004201975	0.00050824444	0.003074896	0.0006659498	0.01953259	0.0021729544	0.0007919846	0.0068991543	-22.983999252319336
s04e11b	540.0	5.0	0.91167504	0.91167504	0.041639496	0.083079904	0.00044339508	0.0012496171	0.0029594344	0.00096565555	0.0009835688	0.010133832	6.380309e-05	0.00015835602	0.0011191976	0.02527605	0.0005442335	0.00015515166	0.0010788635	0.00037535393	0.00044478913	0.019732157	0.06704877	0.012816833	0.0027890576	0.0041115633	0.004804909	0.010430483	0.020654688	0.002335567	0.0010581304	0.0005350375	0.0003213088	0.00048195696	0.00085589127	0.00024668424	0.0002509326	0.010413886	0.0033859806	0.0035474692	0.002374601	0.0016543476	0.00044480502	0.002374601	0.0044955835	0.008834056	0.008309753	0.00048525297	0.00029331326	0.00059625437	0.0015970819	0.0049759224	0.002909355	0.0022269587	0.00017487635	0.003372972	0.0007070656	0.0011488342	0.00048022968	0.022264356	0.00045129968	0.00061401975	0.00039619848	0.00025282617	0.0031521523	0.0012163342	0.0009784508	0.00085096125	0.0011870227	0.013028674	0.0023967184	0.00019022496	0.008339756	-24.87217330932617
s04e11b	545.0	5.0	0.9265386	0.9265386	0.022825513	0.074065365	0.001265446	0.00040477273	0.004852448	0.015228506	0.0026284105	0.019975146	0.00066330115	0.00052411703	0.07437444	0.0046470263	0.010131846	0.0015388122	0.003704114	0.00018487003	0.00021589217	0.0017317943	0.0037294216	0.0023919267	0.00026859986	0.0012517292	0.00053251855	0.051042557	0.030371524	0.0050767	0.0018512664	0.0005338994	0.00014933007	0.00038520482	0.0013336989	0.0005484267	0.000105673345	0.0015246796	0.00018248158	0.0005848868	0.00027110835	7.853519e-05	9.851366e-05	0.00027110835	0.0014744006	0.00029751932	0.001066156	0.0001220833	7.4415664e-05	0.00023082431	0.00030709183	0.002256987	0.0002163152	0.0012178684	0.00011744228	0.00267765	0.001037998	0.001289663	0.0002531233	0.018867029	0.0007873208	0.00034545947	0.0014074817	0.000265044	0.0038787278	0.0011557373	0.00020923371	0.000275016	0.0011939798	0.007911489	0.0007755625	0.00026656402	0.0065715355	-25.475473403930664
s04e11b	550.0	5.0	0.9320944	0.9320944	0.11004309	0.3025738	0.0004895546	0.005400006	0.0040790755	0.0019991468	0.0024412537	0.0058414065	0.0001250138	0.00033826823	0.0014798582	0.0044602463	0.0006443399	9.551596e-05	0.0008277217	0.000641727	0.000377133	0.0041901213	0.0038356504	0.003736373	0.0029576637	0.0024595733	0.00074884604	0.0043029515	0.1297292	0.008276673	0.0031877477	0.0008589177	0.0003756222	0.0007053336	0.0040035187	0.0003099739	0.0007258221	0.0050707087	0.0023286385	0.0043755616	0.0010174046	0.001700499	0.0008440659	0.001700499	0.0019331513	0.004452225	0.0040990394	0.00025377914	0.00023527352	0.0006851432	0.0011175388	0.00059467315	0.0015926356	0.0012654148	0.0005704418	0.0012666839	0.00093186944	0.0033680128	0.00056198175	0.0070562907	0.0002802981	0.00062575424	0.0024450633	0.00017056351	0.0013639145	0.0009515211	0.00077416986	0.00070920156	0.0007219607	0.0085652275	0.004794441	0.0003682349	0.005731942	-24.239824295043945
s04e11b	555.0	5.0	0.8614401	0.8614401	0.0074346373	0.020434938	0.00075496663	0.0018413478	0.02695772	0.0009857246	0.007105391	0.25999138	0.001319656	8.2209415e-05	0.0011790313	0.014451336	0.0032794275	0.0016965193	0.0017457571	0.0017937133	0.0019011372	0.05572932	0.022272952	0.005746172	0.0011281419	0.0022888007	0.0015681963	0.0022888007	0.15980001	0.004999831	0.0011732158	0.0005762843	0.0005342448	0.00051739503	0.0013041402	0.00043323482	0.0010929499	0.00863576	0.0042007375	0.00863576	0.0109657915	0.005472585	0.003918444	0.0109657915	0.0023602108	0.018276783	0.014571756	0.0008067345	0.0015135205	0.00027304373	0.0047524995	0.0033300028	0.0022744082	0.0032981967	0.001441253	0.0035546364	0.0005290028	0.00059110357	0.00011971233	0.00019418316	0.0002215471	0.00062288943	0.0008127092	0.0003160272	0.0018842788	0.00028572135	0.0010161086	0.003062316	0.0006145961	0.0597881	0.0022911471	0.00019790173	0.015669193	-22.179109573364254
s04e11b	560.0	5.0	0.8398142	0.8398142	0.008563297	0.18551424	0.0016759033	0.0005022295	0.003523283	0.0032260655	0.0036351937	0.06197339	0.00019218242	0.00052283966	0.013465388	0.0016127442	0.0007986177	0.00066608144	0.00078054715	0.0011573413	0.00032330208	0.0008159369	0.009064952	0.0057776	0.0031300934	0.0017426958	0.0025313569	0.0025313569	0.21324514	0.0105802575	0.0024424584	0.0008817355	0.0006016553	0.0010900986	0.002778218	0.0026146227	0.000663908	0.0023340764	0.000546138	0.0008748468	0.0007411597	0.00057096075	0.00020880521	0.0007411597	0.0004455453	0.0019057002	0.0025381974	0.00010722791	0.00014438275	0.00084349466	0.0010602641	0.0006942168	0.0009506901	0.001035357	0.0018357203	0.0012954373	0.002468973	0.0183033	0.0023828368	0.041941907	0.00010805863	0.00085427356	0.0012527102	0.00016074526	0.0048581227	0.0020067138	0.00037397686	0.00036447676	0.002175229	0.016343271	0.0008404884	0.00035778288	0.0048581227	-21.62666130065918
s04e11b	565.0	5.0	0.8857402	0.8857402	0.045353882	0.09811249	0.00026591672	0.0032916057	0.04873054	0.0057346765	0.0015291419	0.00439125	0.00016411721	0.000111823465	0.0021536918	0.0033659197	0.004260518	0.00084445963	0.0013694298	0.002751767	0.0009757213	0.023821391	0.0025316193	0.0016057013	0.0025316193	0.00071276276	0.0012695857	0.0022571224	0.061934166	0.0031728668	0.0018326201	0.00037343928	0.0002212562	0.00039374034	0.0027322918	0.0003703855	0.00038184298	0.008934813	0.008934813	0.0028976158	0.005000353	0.016534332	0.0011084334	0.016534332	0.001132848	0.024296736	0.066572	0.004117167	0.0010222499	0.000884619	0.010830947	0.003070809	0.0047008144	0.0067425366	0.0008522731	0.0010326944	0.00041663882	0.009901125	0.0018726544	0.0085464595	0.00027289486	0.0008761937	0.00060319866	0.00055656186	0.0020358164	0.0018646582	0.0013211904	0.0016600356	0.002293687	0.0057263304	0.0023286885	0.00039359977	0.002501467	-22.862873077392575
s04e11b	570.0	5.0	0.8786209	0.8786209	0.01577307	0.100490965	0.004488847	0.002643744	0.2576607	0.024446994	0.0023970252	0.0066894665	0.0012223516	0.0008428254	0.0044541038	0.0016472144	0.004628593	0.0010209705	0.0006799453	0.001272072	0.0007872439	0.054285742	0.0076604867	0.0031497725	0.0024888145	0.0014566156	0.0012844414	0.0019738474	0.10088539	0.0069597443	0.002233066	0.0007966537	0.00036220296	0.00111446	0.00350212	0.0005524173	0.0007646906	0.0009676661	0.0006124384	0.00061783096	0.0014980193	0.0007345441	0.0002755483	0.0014980193	0.00074680644	0.0047642756	0.006293056	0.00022453966	0.00043407216	0.00029656917	0.0035325796	0.00089508924	0.002754706	0.002451984	0.00043840377	0.00065631844	0.0004840712	0.007226651	0.00053729024	0.01335102	0.0006343603	0.00057367183	0.00094813795	0.00045647184	0.0015499797	0.00067358714	0.00066657335	0.0015651904	0.0027023028	0.0025976335	0.0039134366	0.00027133903	0.0039134366	-22.15118789672852
s04e11b	575.0	5.0	0.8159141	0.8159141	0.011374946	0.02421313	0.003953274	0.0024132736	0.006829454	0.0132087115	0.0012603675	0.035682373	0.027243923	0.0003323963	0.028889362	0.0019447708	0.025580755	0.001483952	0.0004927006	0.00046034498	0.00030629913	0.0030592403	0.08578072	0.08578072	0.0018488907	0.0020538238	0.010436681	0.010436681	0.048622347	0.0044542057	0.0016078226	0.00035868102	0.00033274572	0.00034438632	0.0015620757	0.002007907	0.00049436215	0.0032064083	0.0020101622	0.0032064083	0.0013259641	0.0013083889	0.0019553301	0.0013259641	0.00067654974	0.003992625	0.0055254432	0.0005439016	0.0014257629	0.00036584522	0.0023323272	0.001076973	0.00038682105	0.00086328364	0.0009702178	0.0016334607	0.0014135176	0.0024610606	0.00028765213	0.0009833351	0.00017994031	0.00048768838	0.0058331406	0.00021582034	0.004952956	0.0005363725	0.00088684785	0.0008457058	0.00041372038	0.0019531902	0.0034682802	0.00017968484	0.004952956	-21.990524291992188
s04e11b	580.0	5.0	0.6330729	0.6330729	0.05594372	0.034469526	0.000536832	0.008231624	0.13676532	0.01184214	0.0025518516	0.003099616	0.011549611	0.0010245792	0.009951225	0.0027286715	0.0023087119	0.0009790331	0.0007954422	0.004988306	0.001704487	0.049747095	0.012174063	0.0018451149	0.001818517	0.0037540742	0.001954984	0.0037540742	0.019668113	0.0046015102	0.0019183352	0.00040892826	0.00026567548	0.00035006294	0.0018447206	0.00027169002	0.00023132178	0.0066772914	0.0066772914	0.0019450458	0.007387277	0.012152573	0.0007783482	0.012152573	0.0013257363	0.017338041	0.026972571	0.0032471272	0.0013186496	0.0014811723	0.007765539	0.0021823675	0.0016784533	0.0024910318	0.00019708821	0.0005813116	0.00071516493	0.003041089	0.0013384491	0.0034439364	0.00041225657	0.0007716649	0.0005709069	0.0004216609	0.0055184467	0.000996716	0.000930083	0.0036132913	0.002599177	0.007254648	0.0015775994	0.0001264835	0.0055184467	-20.737567901611328
s04e11b	585.0	5.0	0.80784553	0.80784553	0.048917875	0.046401527	0.0014638667	0.009751969	0.36567387	0.019266808	0.006852926	0.0032913475	0.00062467565	0.0007116439	0.0014049065	0.003851377	0.0018244463	0.0008305051	0.0017938031	0.0005158881	0.0028751502	0.05097825	0.0060460833	0.0039709327	0.0060460833	0.0070593823	0.0016028374	0.0070593823	0.058426592	0.004656321	0.0023397952	0.0006379034	0.0003885464	0.00068190374	0.0024501139	0.000658159	0.0007850295	0.00088885706	0.00038086326	0.00086568895	0.0009842846	0.00064472016	0.00039251184	0.0009842846	0.00069277175	0.0034464772	0.0092078475	0.0005710351	0.001050701	0.0006890059	0.007004691	0.0016922735	0.0034809175	0.0058465283	0.00059149775	0.0034537844	0.0013361119	0.007884402	0.00026045425	0.0014739683	0.0013482285	0.0007961528	0.0014393999	0.0011884713	0.0014239989	0.0005631265	0.0012280553	0.0065621845	0.0012674243	0.0030403202	0.0028588548	0.00029663224	0.0065621845	-22.098323822021484
s04e11b	590.0	5.0	0.9119505	0.9119505	0.07109963	0.08704713	0.014466359	0.0025307622	0.009356787	0.004948237	0.0016238551	0.2164668	0.0006796719	0.00032184317	0.0024877943	0.0029799796	0.000972708	0.0022580933	0.0030643942	0.00044466363	0.0005862648	0.001281784	0.010546617	0.010546617	0.0021374463	0.002016548	0.0033441095	0.0048467848	0.044201378	0.003475868	0.0014555916	0.0007200735	0.00032698116	0.0007465225	0.0016009598	0.00052687543	0.0004442313	0.0055895727	0.0013186496	0.0055895727	0.0033431102	0.00095164665	0.0013994316	0.0033431102	0.0014166421	0.0027390982	0.0043411576	0.00020628847	0.0002882888	0.00050094596	0.00075273536	0.0025039525	0.0005237635	0.0034363053	0.0006609606	0.0030940073	0.00038738898	0.0022740837	0.0003493753	0.0035074626	0.00021705772	0.00044956157	0.004064478	0.00019025597	0.000971565	0.00044778662	0.000619466	0.0011013992	0.000608084	0.0062800744	0.0021455288	0.0013145374	0.0021455288	-24.719221115112305
s04e11b	595.0	5.0	0.7816787	0.7816787	0.021134546	0.013802769	0.018632662	0.0017579014	0.16273557	0.0060048085	0.010007494	0.018396372	0.0028753292	0.0011920881	0.006704514	0.0024422144	0.0054088337	0.0013468048	0.0005436233	0.00039304618	0.0007423172	0.01313394	0.013997208	0.010422439	0.0032910816	0.004733093	0.0077758334	0.010248133	0.06845025	0.013200554	0.0043466906	0.003462734	0.00053505687	0.0044032936	0.005636229	0.00077909284	0.0005204726	0.004368092	0.0017634386	0.004368092	0.005111241	0.0015654631	0.0013066654	0.005111241	0.0019025982	0.0077366177	0.0034854028	0.00016538052	0.0009075086	0.00028721915	0.0035819088	0.0022810793	0.002378652	0.0009029227	0.000360839	0.0005843878	0.0003279724	0.0034941914	8.7849636e-05	0.00027401934	0.0006894114	0.00049637817	0.0009122786	0.0007918446	0.0014368198	0.00027759233	0.0017527563	0.0018144569	0.0006470648	0.0024310423	0.0010818039	0.00028844498	0.0018144569	-22.723976135253903
s04e11b	600.0	5.0	0.9224048	0.9224048	0.063616075	0.07823854	0.00038856344	0.003548612	0.038988996	0.0033773794	0.0020686758	0.010418205	0.0006771865	0.00022791224	0.0037791329	0.014215502	0.0012776015	0.00094562134	0.0013639131	0.0006368804	0.0031688157	0.061082136	0.02016861	0.02016861	0.0028216143	0.0030760013	0.0032454114	0.010562104	0.1135696	0.0080872895	0.0015866116	0.0012951215	0.00056730275	0.0013928694	0.003726751	0.00035844106	0.00051233993	0.003947977	0.0007955768	0.003947977	0.0061657974	0.0011742734	0.00073584943	0.0061657974	0.0009364831	0.003939426	0.0031599563	0.00047483144	0.0002970559	0.00055543997	0.0018072049	0.002376284	0.0009736941	0.006636109	0.00041981033	0.0031506123	0.00041403205	0.002546964	0.0002713382	0.0059188074	0.0005369856	0.00094363367	0.00029448397	0.00019673938	0.0017845391	0.00051623536	0.00063073076	0.0016207666	0.0012758456	0.007910202	0.00717102	0.0002651676	0.011587309	-26.82945442199707
s04e11b	605.0	5.0	0.84925425	0.84925425	0.01254368	0.07118125	0.003502851	0.00045963418	0.0031788477	0.0007006814	0.00082416594	0.02452919	0.0003959487	0.00059744954	0.007298206	0.010939129	0.007165967	0.00025644567	0.0011044177	0.00012621604	0.00038208917	0.00066577183	0.062152497	0.062152497	0.005772078	0.014562413	0.009841708	0.01865371	0.020644687	0.0020123338	0.0007048576	0.00074427074	0.0003949279	0.00060367974	0.0011223472	0.00048281823	0.00014706237	0.011926183	0.0007753275	0.0105085345	0.0033954084	0.0003846815	0.0009514617	0.0033954084	0.007931103	0.0021481796	0.00180005	0.00014301827	0.00021729627	0.00022638407	0.00095568364	0.0052070455	0.0004435128	0.001772848	0.0008915994	0.0024357059	0.002270229	0.0010809988	0.00044578515	0.012608868	0.00070896297	0.0004897096	0.001702934	0.00033014893	0.0017391432	0.0006182946	0.0004167679	0.00060647586	0.000987037	0.027733479	0.0011205715	0.00039715233	0.007723378	-25.80047416687012
s04e11b	610.0	5.0	0.8794332	0.8794332	0.040546622	0.02703943	0.00043311118	0.001145832	0.0022433845	0.0011822033	0.000983948	0.004245621	0.00017275859	0.00025505896	0.004393089	0.025384404	0.020757386	0.00011869897	0.00065510045	9.292732e-05	0.0001515486	0.0019129761	0.045783617	0.008964422	0.0016734512	0.003926496	0.0016314805	0.019428104	0.012166238	0.0013911844	0.00078345335	0.0002204661	0.00018729457	0.00028104146	0.000941073	0.0016310922	0.000121913676	0.008356933	0.0011036436	0.0011138524	0.0011003661	0.00044186765	0.0001476542	0.0011003661	0.009875574	0.0025399004	0.0022085444	0.00018407078	0.00018706487	0.00039392148	0.00055775675	0.0070869667	0.0005070553	0.002562357	0.0005173578	0.0011594865	0.018043749	0.0010497095	0.0003285451	0.039916404	0.0042121406	0.0006800269	0.0016724388	0.0002969135	0.010873447	0.0017277951	0.00046590425	0.0005247529	0.031972226	0.17020826	0.011309205	0.00040658453	0.031972226	-25.659263610839844
s04e11b	615.0	5.0	0.82501614	0.82501614	0.030194838	0.11423195	0.00090521446	0.0031323647	0.002396512	0.0058836783	0.004988789	0.011148707	0.00050606666	0.00029702703	0.0012669632	0.0033649378	0.0062140618	0.00030195547	0.0013981168	0.00020979426	0.0004942505	0.001402344	0.018433081	0.018433081	0.0012190598	0.0049425024	0.006268931	0.006380952	0.056452498	0.004773256	0.0018110521	0.0007944439	0.00036423412	0.00078239467	0.0013717363	0.0005963925	0.0007483987	0.010739656	0.0010410472	0.0069204983	0.010811185	0.0008455845	0.0008383112	0.010811185	0.0011232948	0.0066580265	0.0056714704	0.00023157336	0.00043948187	0.0005796642	0.00090932625	0.0013902116	0.0009503596	0.0033099866	0.00043144246	0.0035711012	0.0016445403	0.0049583926	0.00052111276	0.0073985583	0.0005028162	0.0007733632	0.0023813455	0.00018535648	0.005437632	0.00069961784	0.0002928634	0.0006445334	0.0009829318	0.06250838	0.0025548355	0.00061556784	0.005437632	-24.20415687561035
s04e11b	620.0	5.0	0.73861885	0.73861885	0.007742624	0.054020282	0.0014527092	0.0014193117	0.0018438208	0.0011677882	0.00342867	0.017533	0.00019792437	0.00084491645	0.0030195552	0.008583513	0.006364183	0.0005437736	0.003455283	0.00016279305	0.00026016336	0.0033534851	0.04903828	0.01761188	0.001485213	0.0050842636	0.0028447176	0.0050842636	0.048348617	0.0050246385	0.0020774375	0.0006923998	0.0006223394	0.0007736868	0.0024215449	0.00050042075	0.0004891819	0.002999251	0.0013191308	0.0007155631	0.0017197487	0.0006949794	0.00017623171	0.0017197487	0.009569639	0.0038584948	0.0058453586	0.00046074184	0.0005914216	0.00079262524	0.0012418814	0.008249507	0.00081447104	0.0032531794	0.0002107349	0.003064486	0.028152635	0.0019120142	0.00039318597	0.018180719	0.0046657315	0.00129213	0.00338665	0.00034033298	0.006039628	0.0031252617	0.00068693276	0.0007643237	0.004846215	0.04960915	0.007649178	0.00057506264	0.013834772	-26.386722564697266
s04e11b	625.0	5.0	0.5130509	0.5130509	0.041727744	0.012588315	0.0019213596	0.005864343	0.04549923	0.04943897	0.0023488319	0.0034922892	0.00927492	0.0012359363	0.01603737	0.0050054467	0.0025198944	0.00088507176	0.00073656783	0.00045904174	0.0006261456	0.0021012973	0.016017525	0.0028710163	0.008005179	0.0007537194	0.0014459353	0.005318046	0.015420301	0.0027725538	0.001073609	0.0006261193	0.0003892061	0.00060410745	0.0017061456	0.0005549396	0.0002853261	0.0021923042	0.0012684157	0.001514397	0.0009555885	0.00061870046	0.00040245263	0.0009555885	0.0021169188	0.002072619	0.005252863	0.0005139864	0.0012348561	0.000674705	0.0020587053	0.0060548186	0.0011155731	0.0017664193	0.0002572619	0.0012135793	0.0005053409	0.002848166	2.9408471e-05	0.00043645815	0.0007034936	0.0010643217	0.0017830906	0.0005928602	0.004614594	0.00025984607	0.0009167932	0.0025118887	0.0009069942	0.0025077153	0.0021826117	0.00068106723	0.004614594	-23.8117790222168
s04e11b	630.0	5.0	0.9243241	0.9243241	0.013154754	0.19293243	0.0012622073	0.0016680951	0.025224311	0.041800257	0.006922927	0.021719094	0.014166565	0.0009500608	0.06985117	0.0017889523	0.03653517	0.0033209187	0.0020747148	0.00046532552	0.00020163436	0.00065791135	0.015014481	0.015014481	0.0030516754	0.0011895252	0.0008377922	0.0020164463	0.03851317	0.004460528	0.0016774725	0.0005761753	0.00019365583	0.00037184847	0.0009680488	0.00061949936	0.0006445211	0.004743131	0.0010493996	0.004743131	0.0023957791	0.00060910353	0.00094477844	0.0023957791	0.0014200236	0.0020171432	0.0018432076	0.00011315451	0.00017228187	0.00025299954	0.0009747578	0.0007840243	0.0006537302	0.0008250649	0.00024925437	0.0006013176	0.0003753323	0.0042584715	0.0003892755	0.029263021	0.00022549352	0.0004911003	0.0009509198	0.00014453607	0.00059021235	0.0003884677	0.00054747536	0.0019922717	0.0008298627	0.0030991063	0.0009219495	0.00093627215	0.0019922717	-23.52157211303711
s04e11b	635.0	5.0	0.8714808	0.8714808	0.024931472	0.027290523	0.0044853687	0.0042564096	0.22907682	0.042806152	0.0074234	0.0042086756	0.0029653006	0.0024795178	0.03762916	0.003694966	0.005633822	0.0018599941	0.0027582021	0.00039799488	0.0018098406	0.018045582	0.012955865	0.0018312905	0.0024046036	0.0017925416	0.0006765485	0.0017925416	0.07687667	0.01595284	0.005720187	0.0025821861	0.000520092	0.0019765245	0.0046309577	0.0012283091	0.0013170394	0.0013996157	0.0012615174	0.0007257799	0.000961977	0.0012339466	0.00029661416	0.0012339466	0.0017667345	0.004306841	0.005323267	0.00035951496	0.0020237542	0.0004940978	0.008447212	0.0012809217	0.0025965911	0.0014798569	0.00020423508	0.0010822255	0.0005597059	0.01314874	0.00035456594	0.00067357585	0.00049537205	0.0020301763	0.0016030555	0.00085307285	0.0024016898	0.00093865965	0.0009924794	0.0019886447	0.0025504248	0.002947471	0.0017574538	0.00034455679	0.0025504248	-20.299301147460938
s04e11b	640.0	5.0	0.89650387	0.89650387	0.036402274	0.11406963	0.0047842753	0.0016800873	0.17046155	0.16128775	0.0020334444	0.011007875	0.0014427876	0.00047153744	0.06193314	0.0023491762	0.020383693	0.0023715317	0.0017124172	0.00045386745	0.0004786619	0.014183403	0.0025202683	0.002108904	0.0023997084	0.0021231752	0.0008378624	0.0021231752	0.046719257	0.0043590404	0.0010473082	0.0005644092	0.00012110631	0.00058696145	0.0020434821	0.00026464756	0.0003013093	0.0017633546	0.0015407167	0.0017633546	0.0019072065	0.0018715397	0.00077005976	0.0019072065	0.001370907	0.0030646406	0.0028805071	0.00031633768	0.00047568855	0.0005577953	0.0018107161	0.0020528564	0.0007758152	0.003596103	0.0003886166	0.001812111	0.0005514541	0.005115117	0.00054389564	0.0021801258	0.0004529335	0.00030851038	0.0003626305	0.0002919078	0.0011296071	0.0005620908	0.0011455761	0.0058447104	0.001837967	0.011281498	0.0017540216	0.00029887457	0.0058447104	-26.302583694458008
s04e11b	645.0	5.0	0.82449365	0.82449365	0.020895753	0.019992871	0.004369612	0.00514335	0.03150245	0.029441457	0.0032735504	0.0128199225	0.01874526	0.0005306772	0.03977401	0.010371734	0.004740428	0.003900886	0.000892326	0.0009384061	0.0003596048	0.0022207713	0.008325914	0.0048365174	0.0037318482	0.0016545681	0.00089418655	0.01251489	0.051678836	0.0039172526	0.0012610279	0.00061000226	0.00025207904	0.00046647975	0.0042494023	0.0002658939	0.0006256057	0.020369096	0.009811735	0.020369096	0.00204442	0.004418171	0.010038062	0.004418171	0.004496441	0.007631979	0.008399289	0.0007362036	0.0012492095	0.0004036695	0.013039917	0.005038432	0.00132239	0.08866508	0.00024123784	0.013317614	0.001198012	0.0029938107	0.00012822222	0.00079104403	0.0017361126	0.00053911697	0.0010232467	0.0005648599	0.0065872497	0.0014004068	0.0019572787	0.031094402	0.0011145337	0.0047583445	0.002507002	0.00087501446	0.031094402	-28.578990936279297
s04e11b	650.0	5.0	0.8596697	0.8596697	0.014557699	0.23950502	0.0016088869	0.0012623053	0.009341309	0.036516517	0.002583864	0.012998118	0.009176149	0.0014016457	0.013703687	0.0035376356	0.002673559	0.0004777134	0.0006929173	0.00025962022	0.00019038137	0.002251481	0.021028677	0.021028677	0.000991828	0.0009777024	0.0004139839	0.0040164078	0.04059759	0.004006486	0.0012030378	0.0010872134	0.0009163774	0.0010600262	0.0009950924	0.00079833844	0.0004571671	0.0018839873	0.0009944158	0.0018839873	0.0018951513	0.00068751985	0.00056197186	0.0018951513	0.0010879702	0.0029570872	0.006846643	0.0001913928	0.0003285088	0.001322045	0.0023393077	0.001627749	0.0016689958	0.00040678924	0.00043003308	0.0006362106	0.00027234852	0.015629433	0.0007310859	0.0046762777	0.00021223839	0.00076535577	0.0031047196	0.00016395187	0.0013682343	0.0002469537	0.00060375256	0.00055289717	0.0007719535	0.0016339087	0.0008703072	0.001294757	0.00947047	-22.753005981445312
s04e11b	655.0	5.0	0.92135435	0.92135435	0.024770316	0.095402665	0.0019105469	0.0010463329	0.07776772	0.019315297	0.0012803698	0.009214488	0.0005962097	0.0004774944	0.032642763	0.007511043	0.011751505	0.002094545	0.0016283845	0.0004437291	0.00048736445	0.01644	0.0087885205	0.0022475447	0.0022631902	0.0012250848	0.00044251134	0.0014344696	0.07956542	0.0035183276	0.00087356154	0.00038189796	0.00015879149	0.00035527395	0.0009978452	0.0002760605	0.00021681884	0.0016684732	0.0005821463	0.0006557338	0.0006341989	0.00038118998	8.435187e-05	0.0006341989	0.0015135559	0.0015483747	0.00245902	0.00018718727	0.00039738524	0.0005755361	0.001162173	0.0014029492	0.00094030035	0.012255986	0.0006571186	0.006181092	0.0014695793	0.002871112	0.0004275652	0.0033003325	0.00092142395	0.000692949	0.00034984542	0.00025186306	0.0010561222	0.0021605818	0.00063608785	0.008512888	0.0012883468	0.0043338467	0.0040329564	0.00018468346	0.016651496	-24.828407287597656
s04e11b	660.0	5.0	0.92649233	0.92649233	0.028228736	0.20882428	0.000407369	0.0013042812	0.00568832	0.001649834	0.0025804476	0.0045992197	0.00012464992	0.0002459269	0.0013720316	0.0037249667	0.0011315293	0.00014541998	0.0007358484	0.0005156219	0.00020079002	0.0011356983	0.007977901	0.007977901	0.00046725495	0.0033457107	0.0014575329	0.004047051	0.0455271	0.0075706965	0.0031329736	0.0010860085	0.00058355427	0.0009836532	0.003292488	0.0002987797	0.00028817204	0.0021240565	0.0004314579	0.0009981993	0.00049011776	0.0002233874	0.00015085468	0.00049011776	0.00050821877	0.0014185855	0.0017202294	7.256783e-05	0.00013362984	0.00036545482	0.00052758126	0.0008166509	0.00066570705	0.001616867	0.00059081125	0.0015113134	0.0006451424	0.00715112	0.0008417543	0.026725195	0.00033762967	0.0005568914	0.0020244797	0.00012535186	0.0046142126	0.0012108543	0.00033507755	0.0003022481	0.00049781555	0.003779442	0.0026715915	0.00014962025	0.011878319	-22.91600227355957
s04e11b	665.0	5.0	0.9211556	0.9211556	0.15582997	0.09872056	0.001643799	0.0012387064	0.0015091556	0.0016425061	0.00057024666	0.051142115	0.000352837	0.0005463319	0.003839796	0.0045521753	0.0012870051	0.0008124189	0.0007766023	0.000118780605	0.00018975452	0.0057895985	0.02269333	0.01128319	0.005968926	0.0041320273	0.0027375526	0.006741368	0.019177698	0.0027238878	0.0009167001	0.00034727115	0.00021543076	0.0003403346	0.0008889579	0.00043123093	0.00011845971	0.0059258114	0.001472606	0.002118397	0.001863369	0.0009329218	0.00035459606	0.001863369	0.0014980079	0.0026836297	0.0061203707	0.00061538036	0.0005445731	0.0007290071	0.0017487212	0.002807506	0.00064445904	0.001357848	0.00017261911	0.0011493373	0.00035401454	0.0012561083	9.761845e-05	0.005589496	0.00032745098	0.00066728203	0.0033750017	0.0003314609	0.0012086568	0.0004804211	0.00049091026	0.00043041387	0.00071268197	0.009655304	0.0006120787	0.00083794707	0.0048974054	-25.015775680541992
s04e11b	670.0	5.0	0.6690962	0.6690962	0.015067207	0.016692888	9.7232725e-05	0.0038435315	0.05485271	0.00026791083	0.012903008	0.0034122535	0.0004104651	0.000282602	0.00037289993	0.0071316115	0.0004955577	0.0006287726	0.008351197	0.0015205512	0.06398545	0.041278545	0.002265434	0.0012372644	0.0007801039	0.0009263689	0.00030534138	0.0009263689	0.47943532	0.032103434	0.007352255	0.00067585247	0.00055970077	0.00047768513	0.008900684	0.0005263439	0.0016092048	0.0014647878	0.0010524101	0.0014647878	0.0032474727	0.0034003963	0.00026017477	0.0034003963	0.0010307713	0.0031676018	0.021550646	0.0034240102	0.0018818993	0.0011606496	0.0076108994	0.0018427058	0.004409025	0.011101684	0.00054335233	0.0055508516	0.0008173866	0.0014291954	0.0023583905	0.0006381378	0.0004747649	0.0015664308	0.00046444405	0.00023361448	0.0016667172	0.0022189906	0.00069861906	0.0040203375	0.0013347828	0.007869939	0.0074882284	0.0003429858	0.0733217	-20.13353538513184
s04e11b	675.0	5.0	0.8106025	0.8106025	0.009648272	0.026357636	0.0002887826	0.003236837	0.0015105314	0.00019116537	0.0077556763	0.008620832	0.00014609545	0.0002756957	0.0015962307	0.008980861	0.00032232984	0.00025019178	0.0018278664	0.00036976178	0.018890563	0.001281427	0.015691722	0.0015740372	0.0005346391	0.0021746557	0.0005007603	0.0021746557	0.7068516	0.06034601	0.042105556	0.001302885	0.00031214647	0.0009301973	0.025616296	0.0003145369	0.004013094	0.0044058925	0.00072132214	0.0044058925	0.0016212806	0.0014964488	0.0011859292	0.0016212806	0.001373509	0.004972075	0.022909509	0.00019372342	0.00022377943	0.00022240214	0.0012287158	0.01281424	0.0031815686	0.004269988	0.00013658589	0.0053228056	0.0011461503	0.0019887772	0.0023961302	0.0020844075	0.00057591585	0.0002815929	0.00021006688	0.00023945663	0.007304818	0.007891387	0.0007559011	0.0021180122	0.002148148	0.0062899943	0.0020609018	0.0004040934	0.01656965	-24.58523178100586
s04e11b	680.0	5.0	0.8929944	0.8929944	0.011931347	0.018416516	0.0013163923	0.0010731115	0.0029319446	0.0029103567	0.0030189236	0.008579084	0.0032535691	0.00034997685	0.0033916135	0.021400377	0.0236188	0.00080048287	0.0006668135	0.00022571207	0.00017832418	0.00079850055	0.042152755	0.042152755	0.012665314	0.0021058707	0.0035919978	0.0035919978	0.026699256	0.0038051032	0.0009802837	0.000553588	0.0002831727	0.0005413275	0.0014917786	0.0007397492	0.00027311457	0.0041135554	0.000718221	0.0022727274	0.001306562	0.00022917478	0.00041097018	0.001306562	0.0051005636	0.001892451	0.0034815674	9.5340336e-05	0.00034913406	0.00025909796	0.0008216144	0.0067398995	0.000994259	0.0029462115	0.0005397247	0.0031032485	0.0003315232	0.005907495	0.00021657998	0.009899789	0.0008189904	0.0009673873	0.0037355213	0.00019284729	0.005146057	0.0006017224	0.00096504675	0.0018712602	0.0021794392	0.06549384	0.00631757	0.00073656783	0.032242205	-28.42983055114746
s04e11b	685.0	5.0	0.79482573	0.79482573	0.0048845154	0.009928203	0.00129432	0.0007265886	0.002539922	0.0033551748	0.0028936698	0.01118584	0.00050374545	0.000884979	0.015116395	0.017948793	0.0063624973	0.001500482	0.008815982	0.00012682976	0.00017840615	0.00046244022	0.014395171	0.014395171	0.0065283575	0.0020823642	0.0009706542	0.0020823642	0.029204624	0.005681816	0.001784795	0.0010366677	0.00025995038	0.0010116816	0.0014945946	0.0002378733	0.00022812442	0.001590695	0.001080359	0.0010636953	0.00073407043	0.00030607174	0.00011397785	0.00073407043	0.0084234215	0.0027201741	0.010681899	0.00017089365	0.00047584274	0.00069893507	0.002506351	0.0027236133	0.0029370287	0.032290515	0.00096407084	0.026117181	0.0039846064	0.0021921645	0.0011206266	0.010503514	0.0041669444	0.0011908942	0.0027282124	0.00044995474	0.005165096	0.006397111	0.00036907152	0.0015825944	0.0016683557	0.016820656	0.004597223	0.0008779951	0.030939434	-30.794754028320312
s04e11b	690.0	5.0	0.83297986	0.83297986	0.017752621	0.014672228	0.002044634	0.0019025202	0.06695891	0.0024537342	0.0021369867	0.03934737	0.0017164373	0.00044437844	0.034187432	0.015573512	0.0036350489	0.003791524	0.003181676	0.00014108366	0.0013472916	0.006842232	0.016822644	0.0063560703	0.0045986	0.0014667223	0.0011087714	0.0017210697	0.029517487	0.003666606	0.0014308896	0.0007044711	0.00019031404	0.00054712145	0.0005032677	0.00020923412	0.00018524835	0.0013148643	0.00066279405	0.00095955393	0.0025079204	0.0007260833	0.0001726909	0.0025079204	0.000792805	0.0024470016	0.0037812234	0.0003853457	0.00041336988	0.00027029356	0.0026688448	0.0019653544	0.00077992625	0.04019839	0.0011262627	0.034535646	0.0019210816	0.0025853368	0.00065213535	0.007658667	0.0003335041	0.00049060385	0.0015663145	0.000353152	0.0024370584	0.0039513833	0.00042250665	0.0035369433	0.0009886553	0.0049022273	0.0056744744	0.000694279	0.0056744744	-24.410823822021484
s04e11b	695.0	5.0	0.6299907	0.6299907	0.018967785	0.0023013076	0.00017175601	0.0053104716	0.05665677	0.0002549199	0.0088110175	0.0012443999	0.00045013273	0.00010497082	0.0006737438	0.0077042454	0.00027753253	0.00038167398	0.0014703786	0.0018071979	0.0062593883	0.07335403	0.00516478	0.0026470227	0.0008466242	0.0018304957	0.0006945642	0.0018304957	0.16954432	0.017157223	0.0039834483	0.000333383	0.00020700628	0.00033217142	0.013079534	0.0001927322	0.00033984843	0.0008213162	0.0007490737	0.00012785607	0.0006429057	0.0008154131	6.6099026e-05	0.0008154131	0.0012098806	0.0065692635	0.008117303	0.00044718388	0.0003947009	0.00027844956	0.0012692835	0.0021732552	0.0009678339	0.122938514	0.00013728917	0.008534037	0.00063546584	0.0006807616	0.00012993068	0.00010463494	7.399434e-05	0.00042124186	0.00010482628	0.000383992	0.00083100854	0.00044769616	0.010233938	0.014037231	0.0011797948	0.0040259715	0.0006419644	0.00036559821	0.13784708	-23.428730010986328
s04e11b	700.0	5.0	0.8549621	0.8549621	0.015175953	0.026770325	0.0011786293	0.005465077	0.16418955	0.0042899493	0.0037468176	0.046287503	0.00040670976	0.00039284502	0.0033954908	0.0022756378	0.0021426936	0.004455474	0.0012669524	0.00038365976	0.0012263136	0.085448965	0.007957914	0.007957914	0.0014093406	0.0073054987	0.0021572742	0.0073054987	0.08893113	0.005111726	0.0020198713	0.00042213243	0.00021178357	0.00045046327	0.0016977788	0.0007172187	0.00087095273	0.00058033003	0.00052568456	0.00058033003	0.0037286354	0.0010291032	0.00015392361	0.0037286354	0.00030411826	0.0019601656	0.003029151	0.0003775256	0.00081093586	0.00054068345	0.0030339286	0.0010818028	0.00065680087	0.0022317562	0.000523133	0.0019039006	0.00016557114	0.0014069042	0.00028626368	0.0022796167	0.00014338245	0.00071527774	0.00047501613	0.00025714713	0.0009186766	0.00034261175	0.0006366671	0.0023931423	0.0007708112	0.0028151858	0.0008749719	0.0002746185	0.0023931423	-20.67598533630371
s04e11b	705.0	5.0	0.64326215	0.64326215	0.0074539836	0.0129115665	0.0001793384	0.005101781	0.011088927	0.00043698438	0.02508795	0.012505442	0.00021055978	0.00016153703	0.00077196275	0.008302494	0.00045844837	0.00032084383	0.0076706535	0.00044932147	0.055383	0.039956972	0.0033752196	0.0017622933	0.00032724752	0.0021986868	0.00037266308	0.0021986868	0.63687706	0.075889274	0.04272446	0.0011195915	0.000277609	0.000829311	0.042942803	0.00046509868	0.0038980427	0.00059308007	0.00059308007	0.0005670181	0.0018642881	0.0016568934	0.00013228369	0.0018642881	0.0010440695	0.0026672627	0.02663507	0.002201685	0.0006586036	0.00090752204	0.008611895	0.0027877262	0.0013920983	0.0036359436	0.0004189586	0.0036614533	0.0006975194	0.001215201	0.003404888	0.0005549261	0.00030472572	0.0011224626	0.00035999066	0.00014079378	0.0020318232	0.00031426293	0.00040768698	0.0025980475	0.0013386664	0.0043601026	0.0040977257	0.0003058171	0.013040248	-21.095314025878903
s04e11b	710.0	5.0	0.011295591	0.011295591	0.002161535	0.00073906884	0.0001149656	0.0027332716	0.0005588897	0.009378714	0.020860769	0.00044536442	0.0061364113	5.6691577e-05	0.0053661	0.00070618547	0.00064726034	0.00041539557	0.000913354	0.000888415	0.00030525288	0.0011162811	0.0038764733	0.0009046338	0.0020587298	0.0017080047	0.0006621507	0.0017080047	0.70221156	0.122937344	0.07013984	0.0033508374	0.00039023784	0.0035300644	0.023162263	0.00046879193	0.03133198	0.000394839	0.00030726992	0.00011920304	0.00017773209	0.00018862166	0.00010570882	0.00018862166	0.00026447023	0.0005502339	0.00722012	9.078724e-05	0.0010305223	0.00059287297	0.0006696899	0.0002642928	0.001532828	0.0018634462	0.00074435724	0.00069200597	0.011688272	0.009262599	0.00026249723	0.0010891363	5.8162663e-05	0.00070613634	0.0020378074	0.0001775908	0.0022157824	0.001681762	0.008239416	0.007959102	0.0018057765	0.0022711537	0.0061276085	0.08883235	0.0625356	-31.203155517578125
